网元数据
1001 30000.0 15000.0 10000.0 1001
1002 35000.0 25000.0 20000.0 1001
1003 37000.0 5000.0 6000.0 1001
1004 11000.0 8100.0 5100.0 1001

信号
1001 41.6478545652496 2100000000 0
1001 41.6250185315834 2100000000 3
1001 41.6588591595311 2100000000 6
1001 41.6391948978421 2100000000 9
1001 41.6442096966162 2100000000 12

终端
1001 20000.0 8000.0 4000.0

测试数据(1)
#网元
0 27400.0 15200.0 9200.0 1001
3 35000.0 17000.0 8100.0 1002
6 43000.0 11900.0 6500.0 1003
9 31000.0 -1100.0 9100.0 1004
12 13000.0 -2100.0 9500.0 1005

#终端
1001 10000.0 8000.0 5000.0
1001 20000.0 8000.0 5000.0
