1.0 -0.0 -0.0 -7000.0 7000  0  0 7000  13000  0 7000  13000  4000 7000  0  4000 
-0.0 1.0 -0.0 -13000.0 7000  13000  0 0  13000  0 0  13000  4000 7000  13000  4000 
-1.0 0.0 0.0 0.0 0  13000  0 0  0  0 0  0  4000 0  13000  4000 
0.0 -1.0 0.0 0.0 0  0  0 7000  0  0 7000  0  4000 0  0  4000 
0.0 0.0 -1.0 0.0 7000  0  0 0  0  0 0  13000  0 7000  13000  0 
-0.0 -0.0 1.0 -4000.0 0  0  4000 7000  0  4000 7000  13000  4000 0  13000  4000 
-1.0 0.0 0.0 975.0 975  3000  0 975  1000  0 975  1000  800 975  3000  800 
0.0 -1.0 0.0 1000.0 975  1000  0 5975  1000  0 5975  1000  800 975  1000  800 
1.0 -0.0 -0.0 -5975.0 5975  1000  0 5975  3000  0 5975  3000  800 5975  1000  800 
-0.0 1.0 -0.0 -3000.0 5975  3000  0 975  3000  0 975  3000  800 5975  3000  800 
0.0 0.0 -1.0 0.0 975  3000  0 5975  3000  0 5975  1000  0 975  1000  0 
-0.0 -0.0 1.0 -800.0 5975  3000  800 975  3000  800 975  1000  800 5975  1000  800 
-1.0 0.0 0.0 975.0 975  6500  0 975  4500  0 975  4500  800 975  6500  800 
0.0 -1.0 0.0 4500.0 975  4500  0 5975  4500  0 5975  4500  800 975  4500  800 
1.0 -0.0 -0.0 -5975.0 5975  4500  0 5975  6500  0 5975  6500  800 5975  4500  800 
-0.0 1.0 -0.0 -6500.0 5975  6500  0 975  6500  0 975  6500  800 5975  6500  800 
0.0 0.0 -1.0 0.0 975  6500  0 5975  6500  0 5975  4500  0 975  4500  0 
-0.0 -0.0 1.0 -800.0 5975  6500  800 975  6500  800 975  4500  800 5975  4500  800 
-1.0 0.0 0.0 975.0 975  10000  0 975  8000  0 975  8000  800 975  10000  800 
0.0 -1.0 0.0 8000.0 975  8000  0 5975  8000  0 5975  8000  800 975  8000  800 
1.0 -0.0 -0.0 -5975.0 5975  8000  0 5975  10000  0 5975  10000  800 5975  8000  800 
-0.0 1.0 -0.0 -10000.0 5975  10000  0 975  10000  0 975  10000  800 5975  10000  800 
0.0 0.0 -1.0 0.0 975  10000  0 5975  10000  0 5975  8000  0 975  8000  0 
-0.0 -0.0 1.0 -800.0 5975  10000  800 975  10000  800 975  8000  800 5975  8000  800 
-1.0 0.0 0.0 975.0 975  12500  0 975  11000  0 975  11000  800 975  12500  800 
0.0 -1.0 0.0 11000.0 975  11000  0 5975  11000  0 5975  11000  800 975  11000  800 
1.0 -0.0 -0.0 -5975.0 5975  11000  0 5975  12500  0 5975  12500  800 5975  11000  800 
-0.0 1.0 -0.0 -12500.0 5975  12500  0 975  12500  0 975  12500  800 5975  12500  800 
0.0 0.0 -1.0 0.0 975  12500  0 5975  12500  0 5975  11000  0 975  11000  0 
-0.0 -0.0 1.0 -800.0 5975  12500  800 975  12500  800 975  11000  800 5975  11000  800 
