-0.0 1.0 -0.0 -1652.1756646 3430.463197  1652.175665  0 2830.718104  1652.175665  0 2830.718104  1652.175665  751 3430.463197  1652.175665  751 
-1.0 0.0 0.0 2830.71810431 2830.718104  1652.175665  0 2830.718104  1054.218486  0 2830.718104  1054.218486  751 2830.718104  1652.175665  751 
0.0 -1.0 0.0 1054.21848565 2830.718104  1054.218486  0 3430.463197  1054.218486  0 3430.463197  1054.218486  751 2830.718104  1054.218486  751 
0.0 0.0 -1.0 0.0 3430.463197  1652.175665  0 3430.463197  1054.218486  0 2830.718104  1054.218486  0 2830.718104  1652.175665  0 
1.0 -0.0 -0.0 -3430.46319728 3430.463197  1054.218486  0 3430.463197  1652.175665  0 3430.463197  1652.175665  751 3430.463197  1054.218486  751 
-0.0 -0.0 1.0 -751.0 3430.463197  1054.218486  751 3430.463197  1652.175665  751 2830.718104  1652.175665  751 2830.718104  1054.218486  751 
0.0 0.0 -1.0 0.0 2830.718104  1054.218486  0 7229.991396  1054.218486  0 7229.991396  448.144863  0 2830.718104  448.144863  0 
-1.0 0.0 0.0 2830.71810431 2830.718104  1054.218486  0 2830.718104  448.144863  0 2830.718104  448.144863  751 2830.718104  1054.218486  751 
0.0 -1.0 0.0 448.144862941 2830.718104  448.144863  0 7229.991396  448.144863  0 7229.991396  448.144863  751 2830.718104  448.144863  751 
1.0 -0.0 -0.0 -7229.99139598 7229.991396  448.144863  0 7229.991396  1054.218486  0 7229.991396  1054.218486  751 7229.991396  448.144863  751 
-0.0 1.0 -0.0 -1054.21848565 7229.991396  1054.218486  0 2830.718104  1054.218486  0 2830.718104  1054.218486  751 7229.991396  1054.218486  751 
-0.0 -0.0 1.0 -751.0 7229.991396  1054.218486  751 2830.718104  1054.218486  751 2830.718104  448.144863  751 7229.991396  448.144863  751 
0.0 0.0 -1.0 0.0 6630.007063  1054.218486  0 6630.007063  3370.65167  0 7230.004275  3370.65167  0 7230.004275  1054.218486  0 
0.0 -1.0 0.0 1054.21848565 6630.007063  1054.218486  0 7230.004275  1054.218486  0 7230.004275  1054.218486  751 6630.007063  1054.218486  751 
1.0 -0.0 -0.0 -7230.00427495 7230.004275  1054.218486  0 7230.004275  3370.65167  0 7230.004275  3370.65167  751 7230.004275  1054.218486  751 
-0.0 1.0 -0.0 -3370.6516703 7230.004275  3370.65167  0 6630.007063  3370.65167  0 6630.007063  3370.65167  751 7230.004275  3370.65167  751 
-1.0 0.0 0.0 6630.00706298 6630.007063  3370.65167  0 6630.007063  1054.218486  0 6630.007063  1054.218486  751 6630.007063  3370.65167  751 
-0.0 -0.0 1.0 -751.0 6630.007063  3370.65167  751 6630.007063  1054.218486  751 7230.004275  1054.218486  751 7230.004275  3370.65167  751 
1.0 -0.0 -0.0 -7230.00427495 7230.004275  3370.65167  0 7230.004275  3970.65167  0 7230.004275  3970.65167  751 7230.004275  3370.65167  751 
0.0 0.0 -1.0 0.0 7230.004275  3370.65167  0 3505.004275  3370.65167  0 3505.004275  3970.65167  0 7230.004275  3970.65167  0 
-0.0 1.0 -0.0 -3970.6516703 7230.004275  3970.65167  0 3505.004275  3970.65167  0 3505.004275  3970.65167  751 7230.004275  3970.65167  751 
-1.0 0.0 0.0 3505.00427495 3505.004275  3970.65167  0 3505.004275  3370.65167  0 3505.004275  3370.65167  751 3505.004275  3970.65167  751 
0.0 -1.0 0.0 3370.6516703 3505.004275  3370.65167  0 7230.004275  3370.65167  0 7230.004275  3370.65167  751 3505.004275  3370.65167  751 
-0.0 -0.0 1.0 -751.0 3505.004275  3370.65167  751 7230.004275  3370.65167  751 7230.004275  3970.65167  751 3505.004275  3970.65167  751 
-0.0 1.0 -0.0 -4010.6516703 7230.004275  4010.65167  0 3505.004275  4010.65167  0 3505.004275  4010.65167  1151 7230.004275  4010.65167  1151 
-1.0 0.0 0.0 3505.00427482 3505.004275  4010.65167  0 3505.004275  3970.65167  0 3505.004275  3970.65167  1151 3505.004275  4010.65167  1151 
0.0 -1.0 0.0 3970.6516703 3505.004275  3970.65167  0 7230.004275  3970.65167  0 7230.004275  3970.65167  1151 3505.004275  3970.65167  1151 
1.0 -0.0 -0.0 -7230.00427495 7230.004275  3970.65167  0 7230.004275  4010.65167  0 7230.004275  4010.65167  1151 7230.004275  3970.65167  1151 
0.0 0.0 -1.0 0.0 7230.004275  4010.65167  0 7230.004275  3970.65167  0 3505.004275  3970.65167  0 3505.004275  4010.65167  0 
-0.0 -0.0 1.0 -1151.0 7230.004275  3970.65167  1151 7230.004275  4010.65167  1151 3505.004275  4010.65167  1151 3505.004275  3970.65167  1151 
0.0 -1.0 0.0 4010.6516703 3505.004275  4010.65167  0 7230.004275  4010.65167  0 7230.004275  4010.65167  751 3505.004275  4010.65167  751 
1.0 -0.0 -0.0 -7230.00427495 7230.004275  4010.65167  0 7230.004275  4610.65167  0 7230.004275  4610.65167  751 7230.004275  4010.65167  751 
-0.0 1.0 -0.0 -4610.6516703 7230.004275  4610.65167  0 3505.004275  4610.65167  0 3505.004275  4610.65167  751 7230.004275  4610.65167  751 
-1.0 0.0 0.0 3505.00427482 3505.004275  4610.65167  0 3505.004275  4010.65167  0 3505.004275  4010.65167  751 3505.004275  4610.65167  751 
0.0 0.0 -1.0 0.0 3505.004275  4010.65167  0 3505.004275  4610.65167  0 7230.004275  4610.65167  0 7230.004275  4010.65167  0 
-0.0 -0.0 1.0 -751.0 3505.004275  4610.65167  751 3505.004275  4010.65167  751 7230.004275  4010.65167  751 7230.004275  4610.65167  751 
0.0 -1.0 0.0 2957.6516703 3465.004275  2957.65167  0 3505.004272  2957.65167  0 3505.004272  2957.65167  1151 3465.004275  2957.65167  1151 
1.0 -0.0 -0.0 -3505.00427153 3505.004272  2957.65167  0 3505.004272  5023.668209  0 3505.004272  5023.668209  1151 3505.004272  2957.65167  1151 
0.0 0.0 -1.0 0.0 3465.004275  2957.65167  0 3465.004275  5023.668209  0 3505.004272  5023.668209  0 3505.004272  2957.65167  0 
-0.0 1.0 -0.0 -5023.66820923 3505.004272  5023.668209  0 3465.004275  5023.668209  0 3465.004275  5023.668209  1151 3505.004272  5023.668209  1151 
-1.0 0.0 0.0 3465.00427495 3465.004275  5023.668209  0 3465.004275  2957.65167  0 3465.004275  2957.65167  1151 3465.004275  5023.668209  1151 
-0.0 -0.0 1.0 -1151.0 3465.004275  5023.668209  1151 3465.004275  2957.65167  1151 3505.004272  2957.65167  1151 3505.004272  5023.668209  1151 
-0.0 1.0 -0.0 -4010.6516703 7270.004275  4010.65167  0 7229.991396  4010.65167  0 7229.991396  4010.65167  1151 7270.004275  4010.65167  1151 
-1.0 0.0 0.0 7229.99139598 7229.991396  4010.65167  0 7229.991396  408.144863  0 7229.991396  408.144863  1151 7229.991396  4010.65167  1151 
0.0 -1.0 0.0 408.144862941 7229.991396  408.144863  0 7270.004275  408.144863  0 7270.004275  408.144863  1151 7229.991396  408.144863  1151 
1.0 -0.0 -0.0 -7270.00427495 7270.004275  408.144863  0 7270.004275  4010.65167  0 7270.004275  4010.65167  1151 7270.004275  408.144863  1151 
0.0 0.0 -1.0 0.0 7270.004275  4010.65167  0 7270.004275  408.144863  0 7229.991396  408.144863  0 7229.991396  4010.65167  0 
-0.0 -0.0 1.0 -1151.0 7270.004275  408.144863  1151 7270.004275  4010.65167  1151 7229.991396  4010.65167  1151 7229.991396  408.144863  1151 
-0.0 1.0 -0.0 -452.211864898 7229.991396  452.211865  0 2790.718336  452.211865  0 2790.718336  452.211865  1151 7229.991396  452.211865  1151 
-1.0 0.0 0.0 2790.71833614 2790.718336  452.211865  0 2790.718336  408.144863  0 2790.718336  408.144863  1151 2790.718336  452.211865  1151 
0.0 0.0 -1.0 0.0 7229.991396  452.211865  0 7229.991396  408.144863  0 2790.718336  408.144863  0 2790.718336  452.211865  0 
0.0 -1.0 0.0 408.144862941 2790.718336  408.144863  0 7229.991396  408.144863  0 7229.991396  408.144863  1151 2790.718336  408.144863  1151 
1.0 -0.0 -0.0 -7229.99139598 7229.991396  408.144863  0 7229.991396  452.211865  0 7229.991396  452.211865  1151 7229.991396  408.144863  1151 
-0.0 -0.0 1.0 -1151.0 7229.991396  408.144863  1151 7229.991396  452.211865  1151 2790.718336  452.211865  1151 2790.718336  408.144863  1151 
0.0 -1.0 0.0 452.211864898 2790.718336  452.211865  0 2830.718104  452.211865  0 2830.718104  452.211865  1151 2790.718336  452.211865  1151 
1.0 -0.0 -0.0 -2830.71810431 2830.718104  452.211865  0 2830.718104  1652.175665  0 2830.718104  1652.175665  1151 2830.718104  452.211865  1151 
0.0 0.0 -1.0 0.0 2790.718336  452.211865  0 2790.718336  1652.175665  0 2830.718104  1652.175665  0 2830.718104  452.211865  0 
-0.0 1.0 -0.0 -1652.1756646 2830.718104  1652.175665  0 2790.718336  1652.175665  0 2790.718336  1652.175665  1151 2830.718104  1652.175665  1151 
-1.0 0.0 0.0 2790.71833614 2790.718336  1652.175665  0 2790.718336  452.211865  0 2790.718336  452.211865  1151 2790.718336  1652.175665  1151 
-0.0 -0.0 1.0 -1151.0 2790.718336  1652.175665  1151 2790.718336  452.211865  1151 2830.718104  452.211865  1151 2830.718104  1652.175665  1151 
0.0 -1.0 0.0 7168.13752547 3554.987606  7168.137525  0 7279.991762  7168.137525  0 7279.991762  7168.137525  1151 3554.987606  7168.137525  1151 
1.0 -0.0 -0.0 -7279.99176153 7279.991762  7168.137525  0 7279.991762  7207.560993  0 7279.991762  7207.560993  1151 7279.991762  7168.137525  1151 
0.0 0.0 -1.0 0.0 3554.987606  7168.137525  0 3554.987606  7207.560993  0 7279.991762  7207.560993  0 7279.991762  7168.137525  0 
-0.0 1.0 -0.0 -7207.56099275 7279.991762  7207.560993  0 3554.987606  7207.560993  0 3554.987606  7207.560993  1151 7279.991762  7207.560993  1151 
-1.0 0.0 0.0 3554.98760644 3554.987606  7207.560993  0 3554.987606  7168.137525  0 3554.987606  7168.137525  1151 3554.987606  7207.560993  1151 
-0.0 -0.0 1.0 -1151.0 3554.987606  7207.560993  1151 3554.987606  7168.137525  1151 7279.991762  7168.137525  1151 7279.991762  7207.560993  1151 
0.0 0.0 -1.0 0.0 3554.991762  8231.137525  0 3554.991762  6145.137525  0 3514.991762  6145.137525  0 3514.991762  8231.137525  0 
-1.0 0.0 0.0 3514.99176153 3514.991762  8231.137525  0 3514.991762  6145.137525  0 3514.991762  6145.137525  1151 3514.991762  8231.137525  1151 
1.0 -0.0 -0.0 -3554.99176153 3554.991762  6145.137525  0 3554.991762  8231.137525  0 3554.991762  8231.137525  1151 3554.991762  6145.137525  1151 
0.0 -1.0 0.0 6145.13752547 3514.991762  6145.137525  0 3554.991762  6145.137525  0 3554.991762  6145.137525  1151 3514.991762  6145.137525  1151 
-0.0 1.0 -0.0 -8231.13752547 3554.991762  8231.137525  0 3514.991762  8231.137525  0 3514.991762  8231.137525  1151 3554.991762  8231.137525  1151 
-0.0 -0.0 1.0 -1151.0 3554.991762  6145.137525  1151 3554.991762  8231.137525  1151 3514.991762  8231.137525  1151 3514.991762  6145.137525  1151 
1.0 -0.0 -0.0 -7279.98760644 7279.987606  7207.560993  0 7279.987606  7807.560993  0 7279.987606  7807.560993  751 7279.987606  7207.560993  751 
-0.0 1.0 -0.0 -7807.56099275 7279.987606  7807.560993  0 3554.987606  7807.560993  0 3554.987606  7807.560993  751 7279.987606  7807.560993  751 
0.0 0.0 -1.0 0.0 7279.987606  7207.560993  0 3554.987606  7207.560993  0 3554.987606  7807.560993  0 7279.987606  7807.560993  0 
-1.0 0.0 0.0 3554.98760644 3554.987606  7807.560993  0 3554.987606  7207.560993  0 3554.987606  7207.560993  751 3554.987606  7807.560993  751 
0.0 -1.0 0.0 7207.56099275 3554.987606  7207.560993  0 7279.987606  7207.560993  0 7279.987606  7207.560993  751 3554.987606  7207.560993  751 
-0.0 -0.0 1.0 -751.0 3554.987606  7207.560993  751 7279.987606  7207.560993  751 7279.987606  7807.560993  751 3554.987606  7807.560993  751 
0.0 0.0 -1.0 0.0 3554.991762  6568.137525  0 3554.991762  7168.137525  0 7279.991762  7168.137525  0 7279.991762  6568.137525  0 
0.0 -1.0 0.0 6568.13752547 3554.991762  6568.137525  0 7279.991762  6568.137525  0 7279.991762  6568.137525  751 3554.991762  6568.137525  751 
1.0 -0.0 -0.0 -7279.99176153 7279.991762  6568.137525  0 7279.991762  7168.137525  0 7279.991762  7168.137525  751 7279.991762  6568.137525  751 
-0.0 1.0 -0.0 -7168.13752547 7279.991762  7168.137525  0 3554.991762  7168.137525  0 3554.991762  7168.137525  751 7279.991762  7168.137525  751 
-1.0 0.0 0.0 3554.99176153 3554.991762  7168.137525  0 3554.991762  6568.137525  0 3554.991762  6568.137525  751 3554.991762  7168.137525  751 
-0.0 -0.0 1.0 -751.0 3554.991762  7168.137525  751 3554.991762  6568.137525  751 7279.991762  6568.137525  751 7279.991762  7168.137525  751 
-1.0 0.0 0.0 160.0 160  4570  0 160  3970  0 160  3970  751 160  4570  751 
-0.0 -0.0 1.0 -751.0 2674  4570  751 160  4570  751 160  3970  751 2674  3970  751 
0.0 -1.0 0.0 3970.0 160  3970  0 2674  3970  0 2674  3970  751 160  3970  751 
1.0 -0.0 -0.0 -2674.0 2674  3970  0 2674  4570  0 2674  4570  751 2674  3970  751 
-0.0 1.0 -0.0 -4570.0 2674  4570  0 160  4570  0 160  4570  751 2674  4570  751 
0.0 0.0 -1.0 0.0 160  4570  0 2674  4570  0 2674  3970  0 160  3970  0 
1.0 -0.0 -0.0 -2674.0 2674  6570  0 2674  7170  0 2674  7170  751 2674  6570  751 
-0.0 1.0 -0.0 -7170.0 2674  7170  0 160  7170  0 160  7170  751 2674  7170  751 
0.0 0.0 -1.0 0.0 160  6570  0 160  7170  0 2674  7170  0 2674  6570  0 
-0.0 -0.0 1.0 -751.0 160  7170  751 160  6570  751 2674  6570  751 2674  7170  751 
0.0 -1.0 0.0 6570.0 160  6570  0 2674  6570  0 2674  6570  751 160  6570  751 
-1.0 0.0 0.0 160.0 160  7170  0 160  6570  0 160  6570  751 160  7170  751 
-0.0 -0.0 1.0 -751.0 2674  9810  751 2674  10410  751 160  10410  751 160  9810  751 
-0.0 1.0 -0.0 -10410.0 2674  10410  0 160  10410  0 160  10410  751 2674  10410  751 
1.0 -0.0 -0.0 -2674.0 2674  9810  0 2674  10410  0 2674  10410  751 2674  9810  751 
0.0 0.0 -1.0 0.0 2674  10410  0 2674  9810  0 160  9810  0 160  10410  0 
-1.0 0.0 0.0 160.0 160  10410  0 160  9810  0 160  9810  751 160  10410  751 
0.0 -1.0 0.0 9810.0 160  9810  0 2674  9810  0 2674  9810  751 160  9810  751 
-0.0 1.0 -0.0 -10410.0 7280  10410  0 3555  10410  0 3555  10410  751 7280  10410  751 
0.0 -1.0 0.0 9810.0 3555  9810  0 7280  9810  0 7280  9810  751 3555  9810  751 
1.0 -0.0 -0.0 -7280.0 7280  9810  0 7280  10410  0 7280  10410  751 7280  9810  751 
0.0 0.0 -1.0 0.0 7280  10410  0 7280  9810  0 3555  9810  0 3555  10410  0 
-0.0 -0.0 1.0 -751.0 7280  9810  751 7280  10410  751 3555  10410  751 3555  9810  751 
-1.0 0.0 0.0 3555.0 3555  10410  0 3555  9810  0 3555  9810  751 3555  10410  751 
-1.0 0.0 0.0 3555.0 3555  10450  0 3555  10410  0 3555  10410  1151 3555  10450  1151 
-0.0 -0.0 1.0 -0.0 7280  10450  0 3555  10450  0 3555  10410  0 7280  10410  0 
0.0 -1.0 0.0 10410.0 3555  10410  0 7280  10410  0 7280  10410  1151 3555  10410  1151 
1.0 -0.0 -0.0 -7280.0 7280  10410  0 7280  10450  0 7280  10450  1151 7280  10410  1151 
-0.0 1.0 -0.0 -10450.0 7280  10450  0 3555  10450  0 3555  10450  1151 7280  10450  1151 
-0.0 -0.0 1.0 -1151.0 7280  10450  1151 3555  10450  1151 3555  10410  1151 7280  10410  1151 
-0.0 1.0 -0.0 -10450.0 2674  10450  0 160  10450  0 160  10450  1151 2674  10450  1151 
-1.0 0 0.0 160.0 160  10450  0 160  10410  0 160  10410  1151 160  10450  1151 
-0.0 -0.0 1.0 -0.0 2674  10410  0 2674  10450  0 160  10450  0 160  10410  0 
0.0 -1.0 0.0 10410.0 160  10410  0 2674  10410  0 2674  10410  1151 160  10410  1151 
1.0 -0.0 -0.0 -2674.0 2674  10410  0 2674  10450  0 2674  10450  1151 2674  10410  1151 
-0.0 -0.0 1.0 -1151.0 2674  10410  1151 2674  10450  1151 160  10450  1151 160  10410  1151 
0.0 0.0 -1.0 0.0 2714  3930  0 160  3930  0 160  3970  0 2714  3970  0 
1.0 -0.0 -0.0 -2714.0 2714  3930  0 2714  3970  0 2714  3970  1151 2714  3930  1151 
-0.0 1.0 -0.0 -3970.0 2714  3970  0 160  3970  0 160  3970  1151 2714  3970  1151 
-1.0 0.0 0.0 160.0 160  3970  0 160  3930  0 160  3930  1151 160  3970  1151 
0.0 -1.0 0.0 3930.0 160  3930  0 2714  3930  0 2714  3930  1151 160  3930  1151 
-0.0 -0.0 1.0 -1151.0 160  3930  1151 2714  3930  1151 2714  3970  1151 160  3970  1151 
0.0 -1.0 0.0 3970.0 2674  3970  0 2714  3970  0 2714  3970  1151 2674  3970  1151 
-1.0 0.0 0.0 2674.0 2674  4993  0 2674  3970  0 2674  3970  1151 2674  4993  1151 
1.0 -0.0 -0.0 -2714.0 2714  3970  0 2714  4993  0 2714  4993  1151 2714  3970  1151 
-0.0 1.0 -0.0 -4993.0 2714  4993  0 2674  4993  0 2674  4993  1151 2714  4993  1151 
-0.0 -0.0 1.0 -1151.0 2714  3970  1151 2714  4993  1151 2674  4993  1151 2674  3970  1151 
0.0 0.0 -1.0 0.0 2714  4993  0 2714  3970  0 2674  3970  0 2674  4993  0 
0.0 0.0 -1.0 0.0 2714  8233  0 2714  6147  0 2674  6147  0 2674  8233  0 
-1.0 0.0 0.0 2674.0 2674  8233  0 2674  6147  0 2674  6147  1151 2674  8233  1151 
0.0 -1.0 0.0 6147.0 2674  6147  0 2714  6147  0 2714  6147  1151 2674  6147  1151 
1.0 -0.0 -0.0 -2714.0 2714  6147  0 2714  8233  0 2714  8233  1151 2714  6147  1151 
-0.0 1.0 -0.0 -8233.0 2714  8233  0 2674  8233  0 2674  8233  1151 2714  8233  1151 
-0.0 -0.0 1.0 -1151.0 2714  6147  1151 2714  8233  1151 2674  8233  1151 2674  6147  1151 
0.0 0.0 -1.0 0.0 2674  10450  0 2714  10450  0 2714  9387  0 2674  9387  0 
-1.0 0.0 0.0 2674.0 2674  10450  0 2674  9387  0 2674  9387  1151 2674  10450  1151 
0.0 -1.0 0.0 9387.0 2674  9387  0 2714  9387  0 2714  9387  1151 2674  9387  1151 
1.0 -0.0 -0.0 -2714.0 2714  9387  0 2714  10450  0 2714  10450  1151 2714  9387  1151 
-0.0 1.0 -0.0 -10450.0 2714  10450  0 2674  10450  0 2674  10450  1151 2714  10450  1151 
-0.0 -0.0 1.0 -1151.0 2714  10450  1151 2674  10450  1151 2674  9387  1151 2714  9387  1151 
1.0 -0.0 -0.0 -3555.0 3555  9387  0 3555  10450  0 3555  10450  1151 3555  9387  1151 
0.0 -1.0 0.0 9387.0 3515  9387  0 3555  9387  0 3555  9387  1151 3515  9387  1151 
0.0 0.0 -1.0 0.0 3515  10450  0 3555  10450  0 3555  9387  0 3515  9387  0 
-0.0 1.0 -0.0 -10450.0 3555  10450  0 3515  10450  0 3515  10450  1151 3555  10450  1151 
-1.0 0.0 0.0 3515.0 3515  10450  0 3515  9387  0 3515  9387  1151 3515  10450  1151 
-0.0 -0.0 1.0 -1151.0 3555  10450  1151 3515  10450  1151 3515  9387  1151 3555  9387  1151 
0.0 0.0 -1.0 0.0 2674  7210  0 160  7210  0 160  7810  0 2674  7810  0 
1.0 -0.0 -0.0 -2674.0 2674  7210  0 2674  7810  0 2674  7810  751 2674  7210  751 
-0.0 1.0 -0.0 -7810.0 2674  7810  0 160  7810  0 160  7810  751 2674  7810  751 
-1.0 0.0 0.0 160.0 160  7810  0 160  7210  0 160  7210  751 160  7810  751 
0.0 -1.0 0.0 7210.0 160  7210  0 2674  7210  0 2674  7210  751 160  7210  751 
-0.0 -0.0 1.0 -751.0 160  7210  751 2674  7210  751 2674  7810  751 160  7810  751 
-0.0 1.0 -0.0 -792.980762427 799.876788  792.980762  0 199.876788  792.980762  0 199.876788  792.980762  1800 799.876788  792.980762  1800 
0.0 0.0 -1.0 0.0 799.876788  792.980762  0 799.876788  192.980762  0 199.876788  192.980762  0 199.876788  792.980762  0 
-1.0 0.0 0.0 199.876787807 199.876788  792.980762  0 199.876788  192.980762  0 199.876788  192.980762  1800 199.876788  792.980762  1800 
0 -1.0 0.0 192.980762427 199.876788  192.980762  0 799.876788  192.980762  0 799.876788  192.980762  1800 199.876788  192.980762  1800 
1.0 -0.0 -0.0 -799.876787807 799.876788  192.980762  0 799.876788  792.980762  0 799.876788  792.980762  1800 799.876788  192.980762  1800 
-0.0 -0.0 1.0 -1800.0 799.876788  192.980762  1800 799.876788  792.980762  1800 199.876788  792.980762  1800 199.876788  192.980762  1800 
0.0 0.0 -1.0 0.0 2674  7170  0 160  7170  0 160  7210  0 2674  7210  0 
1.0 -0.0 -0.0 -2674.0 2674  7170  0 2674  7210  0 2674  7210  1151 2674  7170  1151 
-0.0 1.0 -0.0 -7210.0 2674  7210  0 160  7210  0 160  7210  1151 2674  7210  1151 
-1.0 0 0 160.0 160  7210  0 160  7170  0 160  7170  1151 160  7210  1151 
0.0 -1.0 0.0 7170.0 160  7170  0 2674  7170  0 2674  7170  1151 160  7170  1151 
-0.0 -0.0 1.0 -1151.0 160  7170  1151 2674  7170  1151 2674  7210  1151 160  7210  1151 
0.0 0.0 -1.0 0.0 0  11129  0 0  11131  0 7668  11131  0 7668  10939  0 
1.0 -0.0 -0.0 -0.0 0  11129  0 0  11131  0 0  11131  2666 0  11129  2666 
1.0 -0.0 -0.0 -7668.0 7668  -192  0 7668  10939  0 7668  10939  2666 7668  0  2666 
0.0 -1.0 0.0 0.0 -192  0  0 0  0  0 0  0  2666 -192  0  2666 
0.0 0.0 1.0 0.0 0  11129  2666 0  10939  2666 0  0  2666 0  0  0 
-0.0 -0.0 1.0 -2666.0 0  11129  2666 -192  11129  2666 -192  0  2666 0  0  2666 
0.0 -1.0 0.0 -192.0 -192  -192  0 7668  -192  0 7668  -192  2666 -192  -192  2666 
0.0 0.0 1.0 0.0 7668  0  2666 0  0  2666 -192  0  2666 -192  -192  2666 
1.0 -0.0 -0.0 -7860.0 7860  -192  0 7860  10939  0 7860  10939  2666 7860  0  2666 
0.0 0.0 -1.0 0.0 7668  -192  0 7668  10939  0 7860  10939  0 7860  -192  0 
-0.0 1.0 -0.0 -10939.0 7668  10939  0 7668  10939  2666 7860  10939  2666 7860  10939  0 
-0.0 -0.0 1.0 -2666.0 7668  10939  2666 7668  0  2666 7860  0  2666 7860  10939  2666 
-0.0 -0.0 1.0 -2666.0 7668  0  2666 7668  -192  2666 7860  -192  2666 7860  0  2666 
0.0 -1.0 0.0 -192.0 7668  -192  2666 7668  -192  0 7860  -192  0 7860  -192  2666 
-0.0 1.0 -0.0 -11131.0 7668  11131  0 0  11131  0 0  11131  2666 7668  11131  2666 
-0.0 -0.0 1.0 -2666.0 0  10939  2666 7668  10939  2666 7668  11131  2666 0  11131  2666 
1.0 -0.0 -0.0 -7668.0 7668  10939  2666 7668  10939  0 7668  11131  0 7668  11131  2666 
1.0 -0.0 -0.0 -7860.0 7860  10939  2666 7860  10939  0 7860  11131  0 7860  11131  2666 
0.0 0.0 -1.0 0.0 7668  10939  0 7668  11131  0 7860  11131  0 7860  10939  0 
-0.0 1.0 -0.0 -11131.0 7668  11131  0 7668  11131  2666 7860  11131  2666 7860  11131  0 
-0.0 -0.0 1.0 -2666.0 7668  11131  2666 7668  10939  2666 7860  10939  2666 7860  11131  2666 
-1.0 0.0 0.0 -192.0 -192  11129  0 -192  0  0 -192  0  2666 -192  11129  2666 
0.0 0.0 -1.0 0.0 -192  0  0 -192  11129  0 0  11129  0 0  0  0 
-0.0 1.0 -0.0 -11129.0 0  11129  2666 0  11129  0 -192  11129  0 -192  11129  2666 
-1.0 0 0 -192.0 -192  0  2666 -192  0  0 -192  -192  0 -192  -192  2666 
