-0.0 -0.0 1.0 -299.9999999999989 40800.00000000002 2300.0000000000728 299.9999999999989 40800.00000000002 1900.0000000000728 299.9999999999989 41800.000000000015 1900.0000000000744 299.9999999999989 41800.00000000002 2300.000000000074 299.9999999999989 
-1.0 1.4438228390645233e-14 0.0 40799.99999999999 40800.00000000002 2300.0000000000728 199.99999999999892 40800.00000000002 1900.0000000000728 199.99999999999892 40800.00000000002 1900.0000000000728 299.9999999999989 40800.00000000002 2300.0000000000728 299.9999999999989 
-1.4438228390645267e-15 1.0 -0.0 -2300.0000000000136 41800.00000000002 2300.000000000074 199.99999999999892 40800.00000000002 2300.0000000000728 199.99999999999892 40800.00000000002 2300.0000000000728 299.9999999999989 41800.00000000002 2300.000000000074 299.9999999999989 
1.0 -1.443822839064524e-14 1.0086872038817227e-29 -41799.99999999999 41800.000000000015 1900.0000000000744 199.99999999999892 41800.00000000002 2300.000000000074 199.99999999999892 41800.00000000002 2300.000000000074 299.9999999999989 41800.000000000015 1900.0000000000744 299.9999999999989 
0.0 0.0 -1.0 199.99999999999892 40800.00000000002 1900.0000000000728 199.99999999999892 40800.00000000002 2300.0000000000728 199.99999999999892 41800.00000000002 2300.000000000074 199.99999999999892 41800.000000000015 1900.0000000000744 199.99999999999892 
1.4438228390645267e-15 -1.0 0.0 1900.000000000014 40800.00000000002 1900.0000000000728 199.99999999999892 41800.000000000015 1900.0000000000744 199.99999999999892 41800.000000000015 1900.0000000000744 299.9999999999989 40800.00000000002 1900.0000000000728 299.9999999999989 
0.0 0.0 -1.0 99.99999999999892 40800.00000000002 1900.0000000000728 99.99999999999892 40800.00000000002 2000.0000000000728 99.99999999999892 41800.000000000015 2000.0000000000744 99.99999999999892 41800.000000000015 1900.0000000000744 99.99999999999892 
-0.0 -0.0 1.0 -199.99999999999892 40800.00000000002 2000.0000000000728 199.99999999999892 40800.00000000002 1900.0000000000728 199.99999999999892 41800.000000000015 1900.0000000000744 199.99999999999892 41800.000000000015 2000.0000000000744 199.99999999999892 
1.0 -0.0 -0.0 -41800.000000000015 41800.000000000015 1900.0000000000744 99.99999999999892 41800.000000000015 2000.0000000000744 99.99999999999892 41800.000000000015 2000.0000000000744 199.99999999999892 41800.000000000015 1900.0000000000744 199.99999999999892 
-1.4438228390645267e-15 1.0 -0.0 -2000.0000000000136 41800.000000000015 2000.0000000000744 99.99999999999892 40800.00000000002 2000.0000000000728 99.99999999999892 40800.00000000002 2000.0000000000728 199.99999999999892 41800.000000000015 2000.0000000000744 199.99999999999892 
-1.0 0.0 0.0 40800.00000000002 40800.00000000002 2000.0000000000728 99.99999999999892 40800.00000000002 1900.0000000000728 99.99999999999892 40800.00000000002 1900.0000000000728 199.99999999999892 40800.00000000002 2000.0000000000728 199.99999999999892 
1.4438228390645267e-15 -1.0 0.0 1900.000000000014 40800.00000000002 1900.0000000000728 99.99999999999892 41800.000000000015 1900.0000000000744 99.99999999999892 41800.000000000015 1900.0000000000744 199.99999999999892 40800.00000000002 1900.0000000000728 199.99999999999892 
0.0 0.0 -1.0 299.9999999999989 40800.00000000002 2203.0000000000646 299.9999999999989 40800.00000000002 2303.0000000000646 299.9999999999989 41800.000000000015 2303.000000000066 299.9999999999989 41800.000000000015 2203.000000000066 299.9999999999989 
-0.0 -0.0 1.0 -399.9999999999989 40800.00000000002 2303.0000000000646 399.9999999999989 40800.00000000002 2203.0000000000646 399.9999999999989 41800.000000000015 2203.000000000066 399.9999999999989 41800.000000000015 2303.000000000066 399.9999999999989 
1.0 -0.0 -0.0 -41800.000000000015 41800.000000000015 2203.000000000066 299.9999999999989 41800.000000000015 2303.000000000066 299.9999999999989 41800.000000000015 2303.000000000066 399.9999999999989 41800.000000000015 2203.000000000066 399.9999999999989 
-1.4438228390645267e-15 1.0 -0.0 -2303.0000000000055 41800.000000000015 2303.000000000066 299.9999999999989 40800.00000000002 2303.0000000000646 299.9999999999989 40800.00000000002 2303.0000000000646 399.9999999999989 41800.000000000015 2303.000000000066 399.9999999999989 
-1.0 0.0 0.0 40800.00000000002 40800.00000000002 2303.0000000000646 299.9999999999989 40800.00000000002 2203.0000000000646 299.9999999999989 40800.00000000002 2203.0000000000646 399.9999999999989 40800.00000000002 2303.0000000000646 399.9999999999989 
1.4438228390645267e-15 -1.0 0.0 2203.000000000006 40800.00000000002 2203.0000000000646 299.9999999999989 41800.000000000015 2203.000000000066 299.9999999999989 41800.000000000015 2203.000000000066 399.9999999999989 40800.00000000002 2203.0000000000646 399.9999999999989 
-0.0 -0.0 1.0 -499.9999999999989 40800.00000000002 2603.0000000000646 499.9999999999989 40800.00000000002 2203.0000000000646 499.9999999999989 41800.000000000015 2203.000000000066 499.9999999999989 41800.000000000015 2603.000000000066 499.9999999999989 
-1.0 0.0 0.0 40800.00000000002 40800.00000000002 2603.0000000000646 399.9999999999989 40800.00000000002 2203.0000000000646 399.9999999999989 40800.00000000002 2203.0000000000646 499.9999999999989 40800.00000000002 2603.0000000000646 499.9999999999989 
-1.4438228390645267e-15 1.0 -0.0 -2603.0000000000055 41800.000000000015 2603.000000000066 399.9999999999989 40800.00000000002 2603.0000000000646 399.9999999999989 40800.00000000002 2603.0000000000646 499.9999999999989 41800.000000000015 2603.000000000066 499.9999999999989 
1.0 -0.0 -0.0 -41800.000000000015 41800.000000000015 2203.000000000066 399.9999999999989 41800.000000000015 2603.000000000066 399.9999999999989 41800.000000000015 2603.000000000066 499.9999999999989 41800.000000000015 2203.000000000066 499.9999999999989 
0.0 0.0 -1.0 399.9999999999989 40800.00000000002 2203.0000000000646 399.9999999999989 40800.00000000002 2603.0000000000646 399.9999999999989 41800.000000000015 2603.000000000066 399.9999999999989 41800.000000000015 2203.000000000066 399.9999999999989 
1.4438228390645267e-15 -1.0 0.0 2203.000000000006 40800.00000000002 2203.0000000000646 399.9999999999989 41800.000000000015 2203.000000000066 399.9999999999989 41800.000000000015 2203.000000000066 499.9999999999989 40800.00000000002 2203.0000000000646 499.9999999999989 
-0.0 -0.0 1.0 -699.9999999999989 40800.00000000002 2900.0000000000678 699.9999999999989 40800.00000000002 2500.0000000000678 699.9999999999989 41800.000000000015 2500.000000000069 699.9999999999989 41800.000000000015 2900.000000000069 699.9999999999989 
-1.0 0.0 0.0 40800.00000000002 40800.00000000002 2900.0000000000678 599.9999999999989 40800.00000000002 2500.0000000000678 599.9999999999989 40800.00000000002 2500.0000000000678 699.9999999999989 40800.00000000002 2900.0000000000678 699.9999999999989 
-1.4438228390645267e-15 1.0 -0.0 -2900.0000000000086 41800.000000000015 2900.000000000069 599.9999999999989 40800.00000000002 2900.0000000000678 599.9999999999989 40800.00000000002 2900.0000000000678 699.9999999999989 41800.000000000015 2900.000000000069 699.9999999999989 
1.0 -0.0 -0.0 -41800.000000000015 41800.000000000015 2500.000000000069 599.9999999999989 41800.000000000015 2900.000000000069 599.9999999999989 41800.000000000015 2900.000000000069 699.9999999999989 41800.000000000015 2500.000000000069 699.9999999999989 
0.0 0.0 -1.0 599.9999999999989 40800.00000000002 2500.0000000000678 599.9999999999989 40800.00000000002 2900.0000000000678 599.9999999999989 41800.000000000015 2900.000000000069 599.9999999999989 41800.000000000015 2500.000000000069 599.9999999999989 
1.4438228390645267e-15 -1.0 0.0 2500.000000000009 40800.00000000002 2500.0000000000678 599.9999999999989 41800.000000000015 2500.000000000069 599.9999999999989 41800.000000000015 2500.000000000069 699.9999999999989 40800.00000000002 2500.0000000000678 699.9999999999989 
0.0 0.0 -1.0 499.9999999999989 40800.00000000002 2500.0000000000678 499.9999999999989 40800.00000000002 2600.0000000000678 499.9999999999989 41800.000000000015 2600.000000000069 499.9999999999989 41800.000000000015 2500.000000000069 499.9999999999989 
-0.0 -0.0 1.0 -599.9999999999989 40800.00000000002 2600.0000000000678 599.9999999999989 40800.00000000002 2500.0000000000678 599.9999999999989 41800.000000000015 2500.000000000069 599.9999999999989 41800.000000000015 2600.000000000069 599.9999999999989 
1.0 -0.0 -0.0 -41800.000000000015 41800.000000000015 2500.000000000069 499.9999999999989 41800.000000000015 2600.000000000069 499.9999999999989 41800.000000000015 2600.000000000069 599.9999999999989 41800.000000000015 2500.000000000069 599.9999999999989 
-1.4438228390645267e-15 1.0 -0.0 -2600.0000000000086 41800.000000000015 2600.000000000069 499.9999999999989 40800.00000000002 2600.0000000000678 499.9999999999989 40800.00000000002 2600.0000000000678 599.9999999999989 41800.000000000015 2600.000000000069 599.9999999999989 
-1.0 0.0 0.0 40800.00000000002 40800.00000000002 2600.0000000000678 499.9999999999989 40800.00000000002 2500.0000000000678 499.9999999999989 40800.00000000002 2500.0000000000678 599.9999999999989 40800.00000000002 2600.0000000000678 599.9999999999989 
1.4438228390645267e-15 -1.0 0.0 2500.000000000009 40800.00000000002 2500.0000000000678 499.9999999999989 41800.000000000015 2500.000000000069 499.9999999999989 41800.000000000015 2500.000000000069 599.9999999999989 40800.00000000002 2500.0000000000678 599.9999999999989 
-0.0 -0.0 1.0 -899.9999999999989 40800.00000000003 3200.0000000000623 899.9999999999989 40800.00000000003 2800.0000000000623 899.9999999999989 41800.00000000003 2800.0000000000637 899.9999999999989 41800.00000000003 3200.0000000000637 899.9999999999989 
-1.0 0.0 0.0 40800.00000000003 40800.00000000003 3200.0000000000623 799.9999999999989 40800.00000000003 2800.0000000000623 799.9999999999989 40800.00000000003 2800.0000000000623 899.9999999999989 40800.00000000003 3200.0000000000623 899.9999999999989 
-1.4438228390645267e-15 1.0 -0.0 -3200.000000000003 41800.00000000003 3200.0000000000637 799.9999999999989 40800.00000000003 3200.0000000000623 799.9999999999989 40800.00000000003 3200.0000000000623 899.9999999999989 41800.00000000003 3200.0000000000637 899.9999999999989 
1.0 -0.0 -0.0 -41800.00000000003 41800.00000000003 2800.0000000000637 799.9999999999989 41800.00000000003 3200.0000000000637 799.9999999999989 41800.00000000003 3200.0000000000637 899.9999999999989 41800.00000000003 2800.0000000000637 899.9999999999989 
0.0 0.0 -1.0 799.9999999999989 40800.00000000003 2800.0000000000623 799.9999999999989 40800.00000000003 3200.0000000000623 799.9999999999989 41800.00000000003 3200.0000000000637 799.9999999999989 41800.00000000003 2800.0000000000637 799.9999999999989 
1.4438228390645267e-15 -1.0 0.0 2800.0000000000036 40800.00000000003 2800.0000000000623 799.9999999999989 41800.00000000003 2800.0000000000637 799.9999999999989 41800.00000000003 2800.0000000000637 899.9999999999989 40800.00000000003 2800.0000000000623 899.9999999999989 
0.0 0.0 -1.0 699.9999999999989 40800.00000000003 2800.0000000000623 699.9999999999989 40800.00000000003 2900.0000000000623 699.9999999999989 41800.00000000003 2900.0000000000637 699.9999999999989 41800.00000000003 2800.0000000000637 699.9999999999989 
-0.0 -0.0 1.0 -799.9999999999989 40800.00000000003 2900.0000000000623 799.9999999999989 40800.00000000003 2800.0000000000623 799.9999999999989 41800.00000000003 2800.0000000000637 799.9999999999989 41800.00000000003 2900.0000000000637 799.9999999999989 
1.0 -0.0 -0.0 -41800.00000000003 41800.00000000003 2800.0000000000637 699.9999999999989 41800.00000000003 2900.0000000000637 699.9999999999989 41800.00000000003 2900.0000000000637 799.9999999999989 41800.00000000003 2800.0000000000637 799.9999999999989 
-1.4438228390645267e-15 1.0 -0.0 -2900.000000000003 41800.00000000003 2900.0000000000637 699.9999999999989 40800.00000000003 2900.0000000000623 699.9999999999989 40800.00000000003 2900.0000000000623 799.9999999999989 41800.00000000003 2900.0000000000637 799.9999999999989 
-1.0 0.0 0.0 40800.00000000003 40800.00000000003 2900.0000000000623 699.9999999999989 40800.00000000003 2800.0000000000623 699.9999999999989 40800.00000000003 2800.0000000000623 799.9999999999989 40800.00000000003 2900.0000000000623 799.9999999999989 
1.4438228390645267e-15 -1.0 0.0 2800.0000000000036 40800.00000000003 2800.0000000000623 699.9999999999989 41800.00000000003 2800.0000000000637 699.9999999999989 41800.00000000003 2800.0000000000637 799.9999999999989 40800.00000000003 2800.0000000000623 799.9999999999989 
0.0 0.0 -1.0 899.9999999999989 40800.00000000003 3100.0000000000728 899.9999999999989 40800.00000000003 3200.0000000000728 899.9999999999989 41800.00000000003 3200.000000000074 899.9999999999989 41800.00000000003 3100.000000000074 899.9999999999989 
-0.0 -0.0 1.0 -999.9999999999989 40800.00000000003 3200.0000000000728 999.9999999999989 40800.00000000003 3100.0000000000728 999.9999999999989 41800.00000000003 3100.000000000074 999.9999999999989 41800.00000000003 3200.000000000074 999.9999999999989 
1.0 -0.0 -0.0 -41800.00000000003 41800.00000000003 3100.000000000074 899.9999999999989 41800.00000000003 3200.000000000074 899.9999999999989 41800.00000000003 3200.000000000074 999.9999999999989 41800.00000000003 3100.000000000074 999.9999999999989 
-1.4438228390645267e-15 1.0 -0.0 -3200.0000000000136 41800.00000000003 3200.000000000074 899.9999999999989 40800.00000000003 3200.0000000000728 899.9999999999989 40800.00000000003 3200.0000000000728 999.9999999999989 41800.00000000003 3200.000000000074 999.9999999999989 
-1.0 0.0 0.0 40800.00000000003 40800.00000000003 3200.0000000000728 899.9999999999989 40800.00000000003 3100.0000000000728 899.9999999999989 40800.00000000003 3100.0000000000728 999.9999999999989 40800.00000000003 3200.0000000000728 999.9999999999989 
1.4438228390645267e-15 -1.0 0.0 3100.000000000014 40800.00000000003 3100.0000000000728 899.9999999999989 41800.00000000003 3100.000000000074 899.9999999999989 41800.00000000003 3100.000000000074 999.9999999999989 40800.00000000003 3100.0000000000728 999.9999999999989 
-0.0 -0.0 1.0 -1099.9999999999989 40800.00000000003 3500.000000000073 1099.9999999999989 40800.00000000003 3100.0000000000728 1099.9999999999989 41800.00000000003 3100.000000000074 1099.9999999999989 41800.00000000003 3500.0000000000746 1099.9999999999989 
-1.0 0.0 0.0 40800.00000000003 40800.00000000003 3500.000000000073 999.9999999999989 40800.00000000003 3100.0000000000728 999.9999999999989 40800.00000000003 3100.0000000000728 1099.9999999999989 40800.00000000003 3500.000000000073 1099.9999999999989 
-1.4438228390645267e-15 1.0 -0.0 -3500.0000000000146 41800.00000000003 3500.0000000000746 999.9999999999989 40800.00000000003 3500.000000000073 999.9999999999989 40800.00000000003 3500.000000000073 1099.9999999999989 41800.00000000003 3500.0000000000746 1099.9999999999989 
1.0 -0.0 -0.0 -41800.00000000003 41800.00000000003 3100.000000000074 999.9999999999989 41800.00000000003 3500.0000000000746 999.9999999999989 41800.00000000003 3500.0000000000746 1099.9999999999989 41800.00000000003 3100.000000000074 1099.9999999999989 
0.0 0.0 -1.0 999.9999999999989 40800.00000000003 3100.0000000000728 999.9999999999989 40800.00000000003 3500.000000000073 999.9999999999989 41800.00000000003 3500.0000000000746 999.9999999999989 41800.00000000003 3100.000000000074 999.9999999999989 
1.4438228390645267e-15 -1.0 0.0 3100.000000000014 40800.00000000003 3100.0000000000728 999.9999999999989 41800.00000000003 3100.000000000074 999.9999999999989 41800.00000000003 3100.000000000074 1099.9999999999989 40800.00000000003 3100.0000000000728 1099.9999999999989 
-0.0 -0.0 1.0 -1299.9999999999989 40799.99999999999 3800.0000000000678 1299.9999999999989 40799.99999999999 3400.0000000000678 1299.9999999999989 41799.99999999999 3400.000000000069 1299.9999999999989 41799.99999999999 3800.000000000069 1299.9999999999989 
-1.0 0.0 0.0 40799.99999999999 40799.99999999999 3800.0000000000678 1199.9999999999989 40799.99999999999 3400.0000000000678 1199.9999999999989 40799.99999999999 3400.0000000000678 1299.9999999999989 40799.99999999999 3800.0000000000678 1299.9999999999989 
-1.4438228390645267e-15 1.0 -0.0 -3800.000000000009 41799.99999999999 3800.000000000069 1199.9999999999989 40799.99999999999 3800.0000000000678 1199.9999999999989 40799.99999999999 3800.0000000000678 1299.9999999999989 41799.99999999999 3800.000000000069 1299.9999999999989 
1.0 -0.0 -0.0 -41799.99999999999 41799.99999999999 3400.000000000069 1199.9999999999989 41799.99999999999 3800.000000000069 1199.9999999999989 41799.99999999999 3800.000000000069 1299.9999999999989 41799.99999999999 3400.000000000069 1299.9999999999989 
0.0 0.0 -1.0 1199.9999999999989 40799.99999999999 3400.0000000000678 1199.9999999999989 40799.99999999999 3800.0000000000678 1199.9999999999989 41799.99999999999 3800.000000000069 1199.9999999999989 41799.99999999999 3400.000000000069 1199.9999999999989 
1.4438228390645267e-15 -1.0 0.0 3400.0000000000086 40799.99999999999 3400.0000000000678 1199.9999999999989 41799.99999999999 3400.000000000069 1199.9999999999989 41799.99999999999 3400.000000000069 1299.9999999999989 40799.99999999999 3400.0000000000678 1299.9999999999989 
0.0 0.0 -1.0 1099.9999999999989 40799.99999999999 3400.0000000000678 1099.9999999999989 40799.99999999999 3500.000000000068 1099.9999999999989 41799.99999999999 3500.0000000000687 1099.9999999999989 41799.99999999999 3400.000000000069 1099.9999999999989 
-0.0 -0.0 1.0 -1199.9999999999989 40799.99999999999 3500.000000000068 1199.9999999999989 40799.99999999999 3400.0000000000678 1199.9999999999989 41799.99999999999 3400.000000000069 1199.9999999999989 41799.99999999999 3500.0000000000687 1199.9999999999989 
1.0 -0.0 -0.0 -41799.99999999999 41799.99999999999 3400.000000000069 1099.9999999999989 41799.99999999999 3500.0000000000687 1099.9999999999989 41799.99999999999 3500.0000000000687 1199.9999999999989 41799.99999999999 3400.000000000069 1199.9999999999989 
-7.219114195322633e-16 1.0 -0.0 -3500.0000000000387 41799.99999999999 3500.0000000000687 1099.9999999999989 40799.99999999999 3500.000000000068 1099.9999999999989 40799.99999999999 3500.000000000068 1199.9999999999989 41799.99999999999 3500.0000000000687 1199.9999999999989 
-1.0 0.0 0.0 40799.99999999999 40799.99999999999 3500.000000000068 1099.9999999999989 40799.99999999999 3400.0000000000678 1099.9999999999989 40799.99999999999 3400.0000000000678 1199.9999999999989 40799.99999999999 3500.000000000068 1199.9999999999989 
1.4438228390645267e-15 -1.0 0.0 3400.0000000000086 40799.99999999999 3400.0000000000678 1099.9999999999989 41799.99999999999 3400.000000000069 1099.9999999999989 41799.99999999999 3400.000000000069 1199.9999999999989 40799.99999999999 3400.0000000000678 1199.9999999999989 
-0.0 -0.0 1.0 -1499.9999999999989 40800.00000000001 4100.000000000072 1499.9999999999989 40800.00000000001 3700.000000000072 1499.9999999999989 41800.00000000001 3700.000000000073 1499.9999999999989 41800.00000000001 4100.000000000073 1499.9999999999989 
-1.0 0.0 0.0 40800.00000000001 40800.00000000001 4100.000000000072 1399.9999999999989 40800.00000000001 3700.000000000072 1399.9999999999989 40800.00000000001 3700.000000000072 1499.9999999999989 40800.00000000001 4100.000000000072 1499.9999999999989 
-1.4438228390645267e-15 1.0 -0.0 -4100.000000000014 41800.00000000001 4100.000000000073 1399.9999999999989 40800.00000000001 4100.000000000072 1399.9999999999989 40800.00000000001 4100.000000000072 1499.9999999999989 41800.00000000001 4100.000000000073 1499.9999999999989 
1.0 -0.0 -0.0 -41800.00000000001 41800.00000000001 3700.000000000073 1399.9999999999989 41800.00000000001 4100.000000000073 1399.9999999999989 41800.00000000001 4100.000000000073 1499.9999999999989 41800.00000000001 3700.000000000073 1499.9999999999989 
0.0 0.0 -1.0 1399.9999999999989 40800.00000000001 3700.000000000072 1399.9999999999989 40800.00000000001 4100.000000000072 1399.9999999999989 41800.00000000001 4100.000000000073 1399.9999999999989 41800.00000000001 3700.000000000073 1399.9999999999989 
1.4438228390645267e-15 -1.0 0.0 3700.0000000000127 40800.00000000001 3700.000000000072 1399.9999999999989 41800.00000000001 3700.000000000073 1399.9999999999989 41800.00000000001 3700.000000000073 1499.9999999999989 40800.00000000001 3700.000000000072 1499.9999999999989 
0.0 0.0 -1.0 1299.9999999999989 40800.00000000001 3700.000000000072 1299.9999999999989 40800.00000000001 3800.0000000000723 1299.9999999999989 41800.00000000001 3800.0000000000728 1299.9999999999989 41800.00000000001 3700.000000000073 1299.9999999999989 
-0.0 -0.0 1.0 -1399.9999999999989 40800.00000000001 3800.0000000000723 1399.9999999999989 40800.00000000001 3700.000000000072 1399.9999999999989 41800.00000000001 3700.000000000073 1399.9999999999989 41800.00000000001 3800.0000000000728 1399.9999999999989 
1.0 -0.0 -0.0 -41800.00000000001 41800.00000000001 3700.000000000073 1299.9999999999989 41800.00000000001 3800.0000000000728 1299.9999999999989 41800.00000000001 3800.0000000000728 1399.9999999999989 41800.00000000001 3700.000000000073 1399.9999999999989 
-7.219114195322633e-16 1.0 -0.0 -3800.0000000000423 41800.00000000001 3800.0000000000728 1299.9999999999989 40800.00000000001 3800.0000000000723 1299.9999999999989 40800.00000000001 3800.0000000000723 1399.9999999999989 41800.00000000001 3800.0000000000728 1399.9999999999989 
-1.0 0.0 0.0 40800.00000000001 40800.00000000001 3800.0000000000723 1299.9999999999989 40800.00000000001 3700.000000000072 1299.9999999999989 40800.00000000001 3700.000000000072 1399.9999999999989 40800.00000000001 3800.0000000000723 1399.9999999999989 
1.4438228390645267e-15 -1.0 0.0 3700.0000000000127 40800.00000000001 3700.000000000072 1299.9999999999989 41800.00000000001 3700.000000000073 1299.9999999999989 41800.00000000001 3700.000000000073 1399.9999999999989 40800.00000000001 3700.000000000072 1399.9999999999989 
0.0 0.0 -1.0 1499.9999999999989 40800.00000000002 4000.0000000000555 1499.9999999999989 40800.00000000002 4100.0000000000555 1499.9999999999989 41800.000000000015 4100.000000000056 1499.9999999999989 41800.000000000015 4000.000000000057 1499.9999999999989 
-0.0 -0.0 1.0 -1599.9999999999989 40800.00000000002 4100.0000000000555 1599.9999999999989 40800.00000000002 4000.0000000000555 1599.9999999999989 41800.000000000015 4000.000000000057 1599.9999999999989 41800.000000000015 4100.000000000056 1599.9999999999989 
1.0 -0.0 -0.0 -41800.000000000015 41800.000000000015 4000.000000000057 1499.9999999999989 41800.000000000015 4100.000000000056 1499.9999999999989 41800.000000000015 4100.000000000056 1599.9999999999989 41800.000000000015 4000.000000000057 1599.9999999999989 
-7.219114195322633e-16 1.0 -0.0 -4100.000000000026 41800.000000000015 4100.000000000056 1499.9999999999989 40800.00000000002 4100.0000000000555 1499.9999999999989 40800.00000000002 4100.0000000000555 1599.9999999999989 41800.000000000015 4100.000000000056 1599.9999999999989 
-1.0 0.0 0.0 40800.00000000002 40800.00000000002 4100.0000000000555 1499.9999999999989 40800.00000000002 4000.0000000000555 1499.9999999999989 40800.00000000002 4000.0000000000555 1599.9999999999989 40800.00000000002 4100.0000000000555 1599.9999999999989 
1.4438228390645267e-15 -1.0 0.0 3999.9999999999964 40800.00000000002 4000.0000000000555 1499.9999999999989 41800.000000000015 4000.000000000057 1499.9999999999989 41800.000000000015 4000.000000000057 1599.9999999999989 40800.00000000002 4000.0000000000555 1599.9999999999989 
-0.0 -0.0 1.0 -1699.9999999999989 40800.00000000002 4400.0000000000555 1699.9999999999989 40800.00000000002 4000.0000000000555 1699.9999999999989 41800.000000000015 4000.000000000057 1699.9999999999989 41800.000000000015 4400.000000000057 1699.9999999999989 
-1.0 0.0 0.0 40800.00000000002 40800.00000000002 4400.0000000000555 1599.9999999999989 40800.00000000002 4000.0000000000555 1599.9999999999989 40800.00000000002 4000.0000000000555 1699.9999999999989 40800.00000000002 4400.0000000000555 1699.9999999999989 
-1.4438228390645267e-15 1.0 -0.0 -4399.999999999997 41800.000000000015 4400.000000000057 1599.9999999999989 40800.00000000002 4400.0000000000555 1599.9999999999989 40800.00000000002 4400.0000000000555 1699.9999999999989 41800.000000000015 4400.000000000057 1699.9999999999989 
1.0 -0.0 -0.0 -41800.000000000015 41800.000000000015 4000.000000000057 1599.9999999999989 41800.000000000015 4400.000000000057 1599.9999999999989 41800.000000000015 4400.000000000057 1699.9999999999989 41800.000000000015 4000.000000000057 1699.9999999999989 
0.0 0.0 -1.0 1599.9999999999989 40800.00000000002 4000.0000000000555 1599.9999999999989 40800.00000000002 4400.0000000000555 1599.9999999999989 41800.000000000015 4400.000000000057 1599.9999999999989 41800.000000000015 4000.000000000057 1599.9999999999989 
1.4438228390645267e-15 -1.0 0.0 3999.9999999999964 40800.00000000002 4000.0000000000555 1599.9999999999989 41800.000000000015 4000.000000000057 1599.9999999999989 41800.000000000015 4000.000000000057 1699.9999999999989 40800.00000000002 4000.0000000000555 1699.9999999999989 
0.0 0.0 -1.0 1699.9999999999989 40800.00000000003 4300.000000000054 1699.9999999999989 40800.00000000003 4400.000000000054 1699.9999999999989 41800.00000000003 4400.000000000055 1699.9999999999989 41800.00000000003 4300.0000000000555 1699.9999999999989 
-0.0 -0.0 1.0 -1799.9999999999989 40800.00000000003 4400.000000000054 1799.9999999999989 40800.00000000003 4300.000000000054 1799.9999999999989 41800.00000000003 4300.0000000000555 1799.9999999999989 41800.00000000003 4400.000000000055 1799.9999999999989 
1.0 -0.0 -0.0 -41800.00000000003 41800.00000000003 4300.0000000000555 1699.9999999999989 41800.00000000003 4400.000000000055 1699.9999999999989 41800.00000000003 4400.000000000055 1799.9999999999989 41800.00000000003 4300.0000000000555 1799.9999999999989 
-7.219114195322633e-16 1.0 -0.0 -4400.000000000025 41800.00000000003 4400.000000000055 1699.9999999999989 40800.00000000003 4400.000000000054 1699.9999999999989 40800.00000000003 4400.000000000054 1799.9999999999989 41800.00000000003 4400.000000000055 1799.9999999999989 
-1.0 0.0 0.0 40800.00000000003 40800.00000000003 4400.000000000054 1699.9999999999989 40800.00000000003 4300.000000000054 1699.9999999999989 40800.00000000003 4300.000000000054 1799.9999999999989 40800.00000000003 4400.000000000054 1799.9999999999989 
1.4438228390645267e-15 -1.0 0.0 4299.9999999999945 40800.00000000003 4300.000000000054 1699.9999999999989 41800.00000000003 4300.0000000000555 1699.9999999999989 41800.00000000003 4300.0000000000555 1799.9999999999989 40800.00000000003 4300.000000000054 1799.9999999999989 
0.0 0.0 -1.0 1799.9999999999989 41800.00000000003 4300.0000000000555 1799.9999999999989 39800.00000000003 4300.000000000052 1799.9999999999989 39800.00000000003 5800.000000000052 1799.9999999999989 41800.00000000003 5800.0000000000555 1799.9999999999989 
-0.0 -0.0 1.0 -1899.9999999999989 39800.00000000003 4300.000000000052 1899.9999999999989 41800.00000000003 4300.0000000000555 1899.9999999999989 41800.00000000003 5800.0000000000555 1899.9999999999989 39800.00000000003 5800.000000000052 1899.9999999999989 
-1.0 0.0 0.0 39800.00000000003 39800.00000000003 5800.000000000052 1799.9999999999989 39800.00000000003 4300.000000000052 1799.9999999999989 39800.00000000003 4300.000000000052 1899.9999999999989 39800.00000000003 5800.000000000052 1899.9999999999989 
1.804778548830653e-15 -1.0 3.2277990524215066e-30 4299.999999999979 39800.00000000003 4300.000000000052 1799.9999999999989 41800.00000000003 4300.0000000000555 1799.9999999999989 41800.00000000003 4300.0000000000555 1899.9999999999989 39800.00000000003 4300.000000000052 1899.9999999999989 
-1.804778548830653e-15 1.0 3.2277990524215066e-30 -5799.99999999998 41800.00000000003 5800.0000000000555 1799.9999999999989 39800.00000000003 5800.000000000052 1799.9999999999989 39800.00000000003 5800.000000000052 1899.9999999999989 41800.00000000003 5800.0000000000555 1899.9999999999989 
1.0 -0.0 -0.0 -41800.00000000003 41800.00000000003 4300.0000000000555 1799.9999999999989 41800.00000000003 5800.0000000000555 1799.9999999999989 41800.00000000003 5800.0000000000555 1899.9999999999989 41800.00000000003 4300.0000000000555 1899.9999999999989 
-0.0 -0.0 1.0 -3299.9999999999986 39800.00000000001 2600.0000000000496 3299.9999999999986 39800.00000000001 2200.0000000000496 3299.9999999999986 40800.00000000001 2200.000000000051 3299.9999999999986 40800.00000000001 2600.0000000000505 3299.9999999999986 
-1.0 0.0 0.0 39800.00000000001 39800.00000000001 2600.0000000000496 3199.9999999999986 39800.00000000001 2200.0000000000496 3199.9999999999986 39800.00000000001 2200.0000000000496 3299.9999999999986 39800.00000000001 2600.0000000000496 3299.9999999999986 
1.0828671292983951e-15 -1.0 0.0 2200.000000000007 39800.00000000001 2200.0000000000496 3199.9999999999986 40800.00000000001 2200.000000000051 3199.9999999999986 40800.00000000001 2200.000000000051 3299.9999999999986 39800.00000000001 2200.0000000000496 3299.9999999999986 
1.0 -0.0 -0.0 -40800.00000000001 40800.00000000001 2200.000000000051 3199.9999999999986 40800.00000000001 2600.0000000000505 3199.9999999999986 40800.00000000001 2600.0000000000505 3299.9999999999986 40800.00000000001 2200.000000000051 3299.9999999999986 
0.0 0.0 -1.0 3199.9999999999986 39800.00000000001 2200.0000000000496 3199.9999999999986 39800.00000000001 2600.0000000000496 3199.9999999999986 40800.00000000001 2600.0000000000505 3199.9999999999986 40800.00000000001 2200.000000000051 3199.9999999999986 
-1.0828671292983951e-15 1.0 -0.0 -2600.0000000000064 40800.00000000001 2600.0000000000505 3199.9999999999986 39800.00000000001 2600.0000000000496 3199.9999999999986 39800.00000000001 2600.0000000000496 3299.9999999999986 40800.00000000001 2600.0000000000505 3299.9999999999986 
0.0 0.0 -1.0 2499.9999999999986 39800.00000000002 3400.000000000049 2499.9999999999986 39800.00000000002 3500.0000000000496 2499.9999999999986 40800.00000000002 3500.000000000051 2499.9999999999986 40800.00000000002 3400.0000000000514 2499.9999999999986 
-0.0 -0.0 1.0 -2599.9999999999986 39800.00000000002 3500.0000000000496 2599.9999999999986 39800.00000000002 3400.000000000049 2599.9999999999986 40800.00000000002 3400.0000000000514 2599.9999999999986 40800.00000000002 3500.000000000051 2599.9999999999986 
1.0 -0.0 -0.0 -40800.00000000002 40800.00000000002 3400.0000000000514 2499.9999999999986 40800.00000000002 3500.000000000051 2499.9999999999986 40800.00000000002 3500.000000000051 2599.9999999999986 40800.00000000002 3400.0000000000514 2599.9999999999986 
2.1657342585967902e-15 -1.0 0.0 3399.999999999963 39800.00000000002 3400.000000000049 2499.9999999999986 40800.00000000002 3400.0000000000514 2499.9999999999986 40800.00000000002 3400.0000000000514 2599.9999999999986 39800.00000000002 3400.000000000049 2599.9999999999986 
-1.0 0.0 0.0 39800.00000000002 39800.00000000002 3500.0000000000496 2499.9999999999986 39800.00000000002 3400.000000000049 2499.9999999999986 39800.00000000002 3400.000000000049 2599.9999999999986 39800.00000000002 3500.0000000000496 2599.9999999999986 
-1.4438228390645267e-15 1.0 -0.0 -3499.9999999999923 40800.00000000002 3500.000000000051 2499.9999999999986 39800.00000000002 3500.0000000000496 2499.9999999999986 39800.00000000002 3500.0000000000496 2599.9999999999986 40800.00000000002 3500.000000000051 2599.9999999999986 
0.0 0.0 -1.0 2099.9999999999986 39800.0 3997.0000000000555 2099.9999999999986 39800.0 4097.0000000000555 2099.9999999999986 40799.99999999999 4097.000000000057 2099.9999999999986 40799.99999999999 3997.0000000000578 2099.9999999999986 
-0.0 -0.0 1.0 -2199.9999999999986 39800.0 4097.0000000000555 2199.9999999999986 39800.0 3997.0000000000555 2199.9999999999986 40799.99999999999 3997.0000000000578 2199.9999999999986 40799.99999999999 4097.000000000057 2199.9999999999986 
1.0 -0.0 -0.0 -40799.99999999999 40799.99999999999 3997.0000000000578 2099.9999999999986 40799.99999999999 4097.000000000057 2099.9999999999986 40799.99999999999 4097.000000000057 2199.9999999999986 40799.99999999999 3997.0000000000578 2199.9999999999986 
2.1657342585967902e-15 -1.0 0.0 3996.9999999999695 39800.0 3997.0000000000555 2099.9999999999986 40799.99999999999 3997.0000000000578 2099.9999999999986 40799.99999999999 3997.0000000000578 2199.9999999999986 39800.0 3997.0000000000555 2199.9999999999986 
-1.0 0.0 0.0 39800.0 39800.0 4097.0000000000555 2099.9999999999986 39800.0 3997.0000000000555 2099.9999999999986 39800.0 3997.0000000000555 2199.9999999999986 39800.0 4097.0000000000555 2199.9999999999986 
-1.4438228390645267e-15 1.0 -0.0 -4096.999999999999 40799.99999999999 4097.000000000057 2099.9999999999986 39800.0 4097.0000000000555 2099.9999999999986 39800.0 4097.0000000000555 2199.9999999999986 40799.99999999999 4097.000000000057 2199.9999999999986 
0.0 0.0 -1.0 3299.9999999999986 39800.00000000002 2200.000000000066 3299.9999999999986 39800.00000000002 2300.000000000066 3299.9999999999986 40800.00000000002 2300.000000000067 3299.9999999999986 40800.00000000002 2200.0000000000673 3299.9999999999986 
-0.0 -0.0 1.0 -3399.999999999999 39800.00000000002 2300.000000000066 3399.999999999999 39800.00000000002 2200.000000000066 3399.999999999999 40800.00000000002 2200.0000000000673 3399.999999999999 40800.00000000002 2300.000000000067 3399.999999999999 
1.0 -0.0 -0.0 -40800.00000000002 40800.00000000002 2200.0000000000673 3299.9999999999986 40800.00000000002 2300.000000000067 3299.9999999999986 40800.00000000002 2300.000000000067 3399.999999999999 40800.00000000002 2200.0000000000673 3399.999999999999 
1.0828671292983951e-15 -1.0 -8.069497631053758e-31 2200.000000000023 39800.00000000002 2200.000000000066 3299.9999999999986 40800.00000000002 2200.0000000000673 3299.9999999999986 40800.00000000002 2200.0000000000673 3399.999999999999 39800.00000000002 2200.000000000066 3399.999999999999 
-1.0 0.0 0.0 39800.00000000002 39800.00000000002 2300.000000000066 3299.9999999999986 39800.00000000002 2200.000000000066 3299.9999999999986 39800.00000000002 2200.000000000066 3399.999999999999 39800.00000000002 2300.000000000066 3399.999999999999 
-1.0828671292983951e-15 1.0 -8.069497631053758e-31 -2300.000000000023 40800.00000000002 2300.000000000067 3299.9999999999986 39800.00000000002 2300.000000000066 3299.9999999999986 39800.00000000002 2300.000000000066 3399.999999999999 40800.00000000002 2300.000000000067 3399.999999999999 
-0.0 -0.0 1.0 -2099.9999999999986 39799.99999999998 4400.000000000074 2099.9999999999986 39799.99999999998 4000.0000000000737 2099.9999999999986 40799.99999999997 4000.0000000000755 2099.9999999999986 40799.99999999997 4400.000000000075 2099.9999999999986 
-1.0 0.0 0.0 39799.99999999998 39799.99999999998 4400.000000000074 1999.9999999999989 39799.99999999998 4000.0000000000737 1999.9999999999989 39799.99999999998 4000.0000000000737 2099.9999999999986 39799.99999999998 4400.000000000074 2099.9999999999986 
2.1657342585967902e-15 -1.0 0.0 3999.9999999999877 39799.99999999998 4000.0000000000737 1999.9999999999989 40799.99999999997 4000.0000000000755 1999.9999999999989 40799.99999999997 4000.0000000000755 2099.9999999999986 39799.99999999998 4000.0000000000737 2099.9999999999986 
1.0 -0.0 -0.0 -40799.99999999997 40799.99999999997 4000.0000000000755 1999.9999999999989 40799.99999999997 4400.000000000075 1999.9999999999989 40799.99999999997 4400.000000000075 2099.9999999999986 40799.99999999997 4000.0000000000755 2099.9999999999986 
0.0 0.0 -1.0 1999.9999999999989 39799.99999999998 4000.0000000000737 1999.9999999999989 39799.99999999998 4400.000000000074 1999.9999999999989 40799.99999999997 4400.000000000075 1999.9999999999989 40799.99999999997 4000.0000000000755 1999.9999999999989 
-1.4438228390645267e-15 1.0 -0.0 -4400.000000000016 40799.99999999997 4400.000000000075 1999.9999999999989 39799.99999999998 4400.000000000074 1999.9999999999989 39799.99999999998 4400.000000000074 2099.9999999999986 40799.99999999997 4400.000000000075 2099.9999999999986 
0.0 0.0 -1.0 2699.9999999999986 39800.00000000001 3100.0000000000377 2699.9999999999986 39800.00000000001 3200.0000000000377 2699.9999999999986 40800.00000000001 3200.000000000039 2699.9999999999986 40800.00000000001 3100.000000000039 2699.9999999999986 
-0.0 -0.0 1.0 -2799.9999999999986 39800.00000000001 3200.0000000000377 2799.9999999999986 39800.00000000001 3100.0000000000377 2799.9999999999986 40800.00000000001 3100.000000000039 2799.9999999999986 40800.00000000001 3200.000000000039 2799.9999999999986 
1.0 -0.0 -0.0 -40800.00000000001 40800.00000000001 3100.000000000039 2699.9999999999986 40800.00000000001 3200.000000000039 2699.9999999999986 40800.00000000001 3200.000000000039 2799.9999999999986 40800.00000000001 3100.000000000039 2799.9999999999986 
1.0828671292983951e-15 -1.0 -8.069497631053816e-31 3099.999999999995 39800.00000000001 3100.0000000000377 2699.9999999999986 40800.00000000001 3100.000000000039 2699.9999999999986 40800.00000000001 3100.000000000039 2799.9999999999986 39800.00000000001 3100.0000000000377 2799.9999999999986 
-1.0 0.0 0.0 39800.00000000001 39800.00000000001 3200.0000000000377 2699.9999999999986 39800.00000000001 3100.0000000000377 2699.9999999999986 39800.00000000001 3100.0000000000377 2799.9999999999986 39800.00000000001 3200.0000000000377 2799.9999999999986 
-1.0828671292983951e-15 1.0 -8.069497631053816e-31 -3199.999999999995 40800.00000000001 3200.000000000039 2699.9999999999986 39800.00000000001 3200.0000000000377 2699.9999999999986 39800.00000000001 3200.0000000000377 2799.9999999999986 40800.00000000001 3200.000000000039 2799.9999999999986 
-0.0 -0.0 1.0 -2699.9999999999986 39800.00000000002 3500.0000000000496 2699.9999999999986 39800.00000000002 3100.00000000005 2699.9999999999986 40800.00000000002 3100.0000000000514 2699.9999999999986 40800.00000000002 3500.000000000051 2699.9999999999986 
-1.0 0.0 0.0 39800.00000000002 39800.00000000002 3500.0000000000496 2599.9999999999986 39800.00000000002 3100.00000000005 2599.9999999999986 39800.00000000002 3100.00000000005 2699.9999999999986 39800.00000000002 3500.0000000000496 2699.9999999999986 
1.4438228390645267e-15 -1.0 0.0 3099.9999999999927 39800.00000000002 3100.00000000005 2599.9999999999986 40800.00000000002 3100.0000000000514 2599.9999999999986 40800.00000000002 3100.0000000000514 2699.9999999999986 39800.00000000002 3100.00000000005 2699.9999999999986 
1.0 -0.0 -0.0 -40800.00000000002 40800.00000000002 3100.0000000000514 2599.9999999999986 40800.00000000002 3500.000000000051 2599.9999999999986 40800.00000000002 3500.000000000051 2699.9999999999986 40800.00000000002 3100.0000000000514 2699.9999999999986 
0.0 0.0 -1.0 2599.9999999999986 39800.00000000002 3100.00000000005 2599.9999999999986 39800.00000000002 3500.0000000000496 2599.9999999999986 40800.00000000002 3500.000000000051 2599.9999999999986 40800.00000000002 3100.0000000000514 2599.9999999999986 
-1.4438228390645267e-15 1.0 -0.0 -3499.9999999999923 40800.00000000002 3500.000000000051 2599.9999999999986 39800.00000000002 3500.0000000000496 2599.9999999999986 39800.00000000002 3500.0000000000496 2699.9999999999986 40800.00000000002 3500.000000000051 2699.9999999999986 
0.0 0.0 -1.0 2899.9999999999986 39800.00000000002 2800.000000000057 2899.9999999999986 39800.00000000002 2900.000000000057 2899.9999999999986 40800.00000000002 2900.000000000058 2899.9999999999986 40800.00000000002 2800.000000000058 2899.9999999999986 
-0.0 -0.0 1.0 -2999.9999999999986 39800.00000000002 2900.000000000057 2999.9999999999986 39800.00000000002 2800.000000000057 2999.9999999999986 40800.00000000002 2800.000000000058 2999.9999999999986 40800.00000000002 2900.000000000058 2999.9999999999986 
1.0 -0.0 -0.0 -40800.00000000002 40800.00000000002 2800.000000000058 2899.9999999999986 40800.00000000002 2900.000000000058 2899.9999999999986 40800.00000000002 2900.000000000058 2999.9999999999986 40800.00000000002 2800.000000000058 2999.9999999999986 
1.0828671292983951e-15 -1.0 0.0 2800.000000000014 39800.00000000002 2800.000000000057 2899.9999999999986 40800.00000000002 2800.000000000058 2899.9999999999986 40800.00000000002 2800.000000000058 2999.9999999999986 39800.00000000002 2800.000000000057 2999.9999999999986 
-1.0 0.0 0.0 39800.00000000002 39800.00000000002 2900.000000000057 2899.9999999999986 39800.00000000002 2800.000000000057 2899.9999999999986 39800.00000000002 2800.000000000057 2999.9999999999986 39800.00000000002 2900.000000000057 2999.9999999999986 
-1.0828671292983951e-15 1.0 -0.0 -2900.000000000014 40800.00000000002 2900.000000000058 2899.9999999999986 39800.00000000002 2900.000000000057 2899.9999999999986 39800.00000000002 2900.000000000057 2999.9999999999986 40800.00000000002 2900.000000000058 2999.9999999999986 
0.0 0.0 -1.0 1899.9999999999989 39799.99999999998 4300.000000000073 1899.9999999999989 39799.99999999998 4400.000000000074 1899.9999999999989 40799.99999999997 4400.000000000075 1899.9999999999989 40799.99999999997 4300.0000000000755 1899.9999999999989 
-0.0 -0.0 1.0 -1999.9999999999989 39799.99999999998 4400.000000000074 1999.9999999999989 39799.99999999998 4300.000000000073 1999.9999999999989 40799.99999999997 4300.0000000000755 1999.9999999999989 40799.99999999997 4400.000000000075 1999.9999999999989 
1.0 -0.0 -0.0 -40799.99999999997 40799.99999999997 4300.0000000000755 1899.9999999999989 40799.99999999997 4400.000000000075 1899.9999999999989 40799.99999999997 4400.000000000075 1999.9999999999989 40799.99999999997 4300.0000000000755 1999.9999999999989 
2.1657342585967902e-15 -1.0 -1.613899526210763e-30 4299.999999999987 39799.99999999998 4300.000000000073 1899.9999999999989 40799.99999999997 4300.0000000000755 1899.9999999999989 40799.99999999997 4300.0000000000755 1999.9999999999989 39799.99999999998 4300.000000000073 1999.9999999999989 
-1.0 0.0 0.0 39799.99999999998 39799.99999999998 4400.000000000074 1899.9999999999989 39799.99999999998 4300.000000000073 1899.9999999999989 39799.99999999998 4300.000000000073 1999.9999999999989 39799.99999999998 4400.000000000074 1999.9999999999989 
-1.4438228390645269e-15 1.0 -1.613899526210763e-30 -4400.000000000016 40799.99999999997 4400.000000000075 1899.9999999999989 39799.99999999998 4400.000000000074 1899.9999999999989 39799.99999999998 4400.000000000074 1999.9999999999989 40799.99999999997 4400.000000000075 1999.9999999999989 
-0.0 -0.0 1.0 -2499.9999999999986 39800.00000000001 3800.0000000000655 2499.9999999999986 39800.00000000001 3400.000000000065 2499.9999999999986 40800.00000000001 3400.000000000067 2499.9999999999986 40800.00000000001 3800.000000000067 2499.9999999999986 
-1.0 0.0 0.0 39800.00000000001 39800.00000000001 3800.0000000000655 2399.9999999999986 39800.00000000001 3400.000000000065 2399.9999999999986 39800.00000000001 3400.000000000065 2499.9999999999986 39800.00000000001 3800.0000000000655 2499.9999999999986 
2.1657342585967902e-15 -1.0 0.0 3399.999999999979 39800.00000000001 3400.000000000065 2399.9999999999986 40800.00000000001 3400.000000000067 2399.9999999999986 40800.00000000001 3400.000000000067 2499.9999999999986 39800.00000000001 3400.000000000065 2499.9999999999986 
1.0 -0.0 -0.0 -40800.00000000001 40800.00000000001 3400.000000000067 2399.9999999999986 40800.00000000001 3800.000000000067 2399.9999999999986 40800.00000000001 3800.000000000067 2499.9999999999986 40800.00000000001 3400.000000000067 2499.9999999999986 
0.0 0.0 -1.0 2399.9999999999986 39800.00000000001 3400.000000000065 2399.9999999999986 39800.00000000001 3800.0000000000655 2399.9999999999986 40800.00000000001 3800.000000000067 2399.9999999999986 40800.00000000001 3400.000000000067 2399.9999999999986 
-1.4438228390645267e-15 1.0 -0.0 -3800.0000000000086 40800.00000000001 3800.000000000067 2399.9999999999986 39800.00000000001 3800.0000000000655 2399.9999999999986 39800.00000000001 3800.0000000000655 2499.9999999999986 40800.00000000001 3800.000000000067 2499.9999999999986 
0.0 0.0 -1.0 3600.0 4.0427039493806656e-11 12400.000000000002 3600.0 39800.0 12400.000000000067 3600.0 39800.00000000002 7.36349647922907e-11 3600.0 6.930349627509712e-11 1.1189627002750057e-11 3600.0 
-0.0 -0.0 1.0 -3699.9999999999995 39800.0 12400.000000000067 3699.9999999999995 4.0427039493806656e-11 12400.000000000002 3699.9999999999995 6.930349627509712e-11 1.1189627002750057e-11 3699.9999999999995 39800.00000000002 7.36349647922907e-11 3699.9999999999995 
-1.0 -2.3287465146202014e-15 -2.1496268403223578e-29 6.930349627509724e-11 4.0427039493806656e-11 12400.000000000002 3600.0 6.930349627509712e-11 1.1189627002750057e-11 3600.0 6.930349627509712e-11 1.1189627002750057e-11 3699.9999999999995 4.0427039493806656e-11 12400.000000000002 3699.9999999999995 
-1.6324630089925538e-15 1.0 -6.67713689993618e-29 -12400.000000000002 39800.0 12400.000000000067 3600.0 4.0427039493806656e-11 12400.000000000002 3600.0 4.0427039493806656e-11 12400.000000000002 3699.9999999999995 39800.0 12400.000000000067 3699.9999999999995 
1.5689783364206214e-15 -1.0 -6.677136899936185e-29 1.118962700275018e-11 6.930349627509712e-11 1.1189627002750057e-11 3600.0 39800.00000000002 7.36349647922907e-11 3600.0 39800.00000000002 7.36349647922907e-11 3699.9999999999995 6.930349627509712e-11 1.1189627002750057e-11 3699.9999999999995 
1.0 1.8629972116961596e-15 -0.0 -39800.00000000002 39800.00000000002 7.36349647922907e-11 3600.0 39800.0 12400.000000000067 3600.0 39800.0 12400.000000000067 3699.9999999999995 39800.00000000002 7.36349647922907e-11 3699.9999999999995 
-0.0 -0.0 1.0 -3499.9999999999995 39800.00000000002 2300.000000000066 3499.9999999999995 39800.00000000002 1900.0000000000666 3499.9999999999995 40800.00000000002 1900.0000000000678 3499.9999999999995 40800.00000000002 2300.000000000067 3499.9999999999995 
-1.0 0.0 0.0 39800.00000000002 39800.00000000002 2300.000000000066 3399.999999999999 39800.00000000002 1900.0000000000666 3399.999999999999 39800.00000000002 1900.0000000000666 3499.9999999999995 39800.00000000002 2300.000000000066 3499.9999999999995 
1.0828671292983951e-15 -1.0 -8.069497631053758e-31 1900.0000000000239 39800.00000000002 1900.0000000000666 3399.999999999999 40800.00000000002 1900.0000000000678 3399.999999999999 40800.00000000002 1900.0000000000678 3499.9999999999995 39800.00000000002 1900.0000000000666 3499.9999999999995 
1.0 -0.0 -0.0 -40800.00000000002 40800.00000000002 1900.0000000000678 3399.999999999999 40800.00000000002 2300.000000000067 3399.999999999999 40800.00000000002 2300.000000000067 3499.9999999999995 40800.00000000002 1900.0000000000678 3499.9999999999995 
0.0 0.0 -1.0 3399.999999999999 39800.00000000002 1900.0000000000666 3399.999999999999 39800.00000000002 2300.000000000066 3399.999999999999 40800.00000000002 2300.000000000067 3399.999999999999 40800.00000000002 1900.0000000000678 3399.999999999999 
-1.0828671292983951e-15 1.0 -8.069497631053758e-31 -2300.000000000023 40800.00000000002 2300.000000000067 3399.999999999999 39800.00000000002 2300.000000000066 3399.999999999999 39800.00000000002 2300.000000000066 3499.9999999999995 40800.00000000002 2300.000000000067 3499.9999999999995 
-0.0 -0.0 1.0 -2299.9999999999986 39800.0 4097.0000000000555 2299.9999999999986 39800.0 3697.000000000055 2299.9999999999986 40799.99999999999 3697.0000000000573 2299.9999999999986 40799.99999999999 4097.000000000057 2299.9999999999986 
-1.0 0.0 0.0 39800.0 39800.0 4097.0000000000555 2199.9999999999986 39800.0 3697.000000000055 2199.9999999999986 39800.0 3697.000000000055 2299.9999999999986 39800.0 4097.0000000000555 2299.9999999999986 
2.1657342585967902e-15 -1.0 0.0 3696.999999999969 39800.0 3697.000000000055 2199.9999999999986 40799.99999999999 3697.0000000000573 2199.9999999999986 40799.99999999999 3697.0000000000573 2299.9999999999986 39800.0 3697.000000000055 2299.9999999999986 
1.0 -0.0 -0.0 -40799.99999999999 40799.99999999999 3697.0000000000573 2199.9999999999986 40799.99999999999 4097.000000000057 2199.9999999999986 40799.99999999999 4097.000000000057 2299.9999999999986 40799.99999999999 3697.0000000000573 2299.9999999999986 
0.0 0.0 -1.0 2199.9999999999986 39800.0 3697.000000000055 2199.9999999999986 39800.0 4097.0000000000555 2199.9999999999986 40799.99999999999 4097.000000000057 2199.9999999999986 40799.99999999999 3697.0000000000573 2199.9999999999986 
-1.4438228390645267e-15 1.0 -0.0 -4096.999999999999 40799.99999999999 4097.000000000057 2199.9999999999986 39800.0 4097.0000000000555 2199.9999999999986 39800.0 4097.0000000000555 2299.9999999999986 40799.99999999999 4097.000000000057 2299.9999999999986 
0.0 0.0 -1.0 2299.9999999999986 39800.00000000001 3700.0000000000646 2299.9999999999986 39800.00000000001 3800.0000000000655 2299.9999999999986 40800.00000000001 3800.000000000067 2299.9999999999986 40800.00000000001 3700.000000000067 2299.9999999999986 
-0.0 -0.0 1.0 -2399.9999999999986 39800.00000000001 3800.0000000000655 2399.9999999999986 39800.00000000001 3700.0000000000646 2399.9999999999986 40800.00000000001 3700.000000000067 2399.9999999999986 40800.00000000001 3800.000000000067 2399.9999999999986 
1.0 -0.0 -0.0 -40800.00000000001 40800.00000000001 3700.000000000067 2299.9999999999986 40800.00000000001 3800.000000000067 2299.9999999999986 40800.00000000001 3800.000000000067 2399.9999999999986 40800.00000000001 3700.000000000067 2399.9999999999986 
2.1657342585967902e-15 -1.0 -1.613899526210763e-30 3699.9999999999786 39800.00000000001 3700.0000000000646 2299.9999999999986 40800.00000000001 3700.000000000067 2299.9999999999986 40800.00000000001 3700.000000000067 2399.9999999999986 39800.00000000001 3700.0000000000646 2399.9999999999986 
-1.0 0.0 0.0 39800.00000000001 39800.00000000001 3800.0000000000655 2299.9999999999986 39800.00000000001 3700.0000000000646 2299.9999999999986 39800.00000000001 3700.0000000000646 2399.9999999999986 39800.00000000001 3800.0000000000655 2399.9999999999986 
-1.4438228390645269e-15 1.0 -1.613899526210763e-30 -3800.0000000000086 40800.00000000001 3800.000000000067 2299.9999999999986 39800.00000000001 3800.0000000000655 2299.9999999999986 39800.00000000001 3800.0000000000655 2399.9999999999986 40800.00000000001 3800.000000000067 2399.9999999999986 
0.0 0.0 -1.0 3099.9999999999986 39800.00000000001 2500.0000000000496 3099.9999999999986 39800.00000000001 2600.0000000000496 3099.9999999999986 40800.00000000001 2600.0000000000505 3099.9999999999986 40800.00000000001 2500.0000000000505 3099.9999999999986 
-0.0 -0.0 1.0 -3199.9999999999986 39800.00000000001 2600.0000000000496 3199.9999999999986 39800.00000000001 2500.0000000000496 3199.9999999999986 40800.00000000001 2500.0000000000505 3199.9999999999986 40800.00000000001 2600.0000000000505 3199.9999999999986 
1.0 -0.0 -0.0 -40800.00000000001 40800.00000000001 2500.0000000000505 3099.9999999999986 40800.00000000001 2600.0000000000505 3099.9999999999986 40800.00000000001 2600.0000000000505 3199.9999999999986 40800.00000000001 2500.0000000000505 3199.9999999999986 
1.0828671292983951e-15 -1.0 -8.069497631053816e-31 2500.0000000000064 39800.00000000001 2500.0000000000496 3099.9999999999986 40800.00000000001 2500.0000000000505 3099.9999999999986 40800.00000000001 2500.0000000000505 3199.9999999999986 39800.00000000001 2500.0000000000496 3199.9999999999986 
-1.0 0.0 0.0 39800.00000000001 39800.00000000001 2600.0000000000496 3099.9999999999986 39800.00000000001 2500.0000000000496 3099.9999999999986 39800.00000000001 2500.0000000000496 3199.9999999999986 39800.00000000001 2600.0000000000496 3199.9999999999986 
-1.0828671292983951e-15 1.0 -8.069497631053816e-31 -2600.0000000000064 40800.00000000001 2600.0000000000505 3099.9999999999986 39800.00000000001 2600.0000000000496 3099.9999999999986 39800.00000000001 2600.0000000000496 3199.9999999999986 40800.00000000001 2600.0000000000505 3199.9999999999986 
-0.0 -0.0 1.0 -3099.9999999999986 39800.00000000002 2900.000000000057 3099.9999999999986 39800.00000000002 2500.0000000000573 3099.9999999999986 40800.00000000002 2500.0000000000587 3099.9999999999986 40800.00000000002 2900.000000000058 3099.9999999999986 
-1.0 0.0 0.0 39800.00000000002 39800.00000000002 2900.000000000057 2999.9999999999986 39800.00000000002 2500.0000000000573 2999.9999999999986 39800.00000000002 2500.0000000000573 3099.9999999999986 39800.00000000002 2900.000000000057 3099.9999999999986 
1.4438228390645267e-15 -1.0 0.0 2500.0 39800.00000000002 2500.0000000000573 2999.9999999999986 40800.00000000002 2500.0000000000587 2999.9999999999986 40800.00000000002 2500.0000000000587 3099.9999999999986 39800.00000000002 2500.0000000000573 3099.9999999999986 
1.0 -0.0 -0.0 -40800.00000000002 40800.00000000002 2500.0000000000587 2999.9999999999986 40800.00000000002 2900.000000000058 2999.9999999999986 40800.00000000002 2900.000000000058 3099.9999999999986 40800.00000000002 2500.0000000000587 3099.9999999999986 
0.0 0.0 -1.0 2999.9999999999986 39800.00000000002 2500.0000000000573 2999.9999999999986 39800.00000000002 2900.000000000057 2999.9999999999986 40800.00000000002 2900.000000000058 2999.9999999999986 40800.00000000002 2500.0000000000587 2999.9999999999986 
-1.0828671292983951e-15 1.0 -0.0 -2900.000000000014 40800.00000000002 2900.000000000058 2999.9999999999986 39800.00000000002 2900.000000000057 2999.9999999999986 39800.00000000002 2900.000000000057 3099.9999999999986 40800.00000000002 2900.000000000058 3099.9999999999986 
-0.0 -0.0 1.0 -2899.9999999999986 39800.00000000001 3200.0000000000377 2899.9999999999986 39800.00000000001 2800.000000000038 2899.9999999999986 40800.00000000001 2800.000000000039 2899.9999999999986 40800.00000000001 3200.000000000039 2899.9999999999986 
-1.0 0.0 0.0 39800.00000000001 39800.00000000001 3200.0000000000377 2799.9999999999986 39800.00000000001 2800.000000000038 2799.9999999999986 39800.00000000001 2800.000000000038 2899.9999999999986 39800.00000000001 3200.0000000000377 2899.9999999999986 
1.0828671292983951e-15 -1.0 -8.069497631053816e-31 2799.9999999999955 39800.00000000001 2800.000000000038 2799.9999999999986 40800.00000000001 2800.000000000039 2799.9999999999986 40800.00000000001 2800.000000000039 2899.9999999999986 39800.00000000001 2800.000000000038 2899.9999999999986 
1.0 -0.0 -0.0 -40800.00000000001 40800.00000000001 2800.000000000039 2799.9999999999986 40800.00000000001 3200.000000000039 2799.9999999999986 40800.00000000001 3200.000000000039 2899.9999999999986 40800.00000000001 2800.000000000039 2899.9999999999986 
0.0 0.0 -1.0 2799.9999999999986 39800.00000000001 2800.000000000038 2799.9999999999986 39800.00000000001 3200.0000000000377 2799.9999999999986 40800.00000000001 3200.000000000039 2799.9999999999986 40800.00000000001 2800.000000000039 2799.9999999999986 
-1.0828671292983951e-15 1.0 -8.069497631053816e-31 -3199.999999999995 40800.00000000001 3200.000000000039 2799.9999999999986 39800.00000000001 3200.0000000000377 2799.9999999999986 39800.00000000001 3200.0000000000377 2899.9999999999986 40800.00000000001 3200.000000000039 2899.9999999999986 
-0.0 -0.0 1.0 -3600.0 39600.0 2000.000000000053 3600.0 39800.0 2000.0000000000534 3600.0 39799.99999999999 12400.000000000053 3600.0 39599.99999999999 12400.000000000053 3600.0 
1.8047785488306478e-15 -1.0 8.234181256177265e-33 1999.9999999999816 39600.0 2000.000000000053 100.0 39800.0 2000.0000000000534 100.0 39800.0 2000.0000000000534 3600.0 39600.0 2000.000000000053 3600.0 
-1.0 -5.553164765632782e-16 -1.9956926878877113e-31 39600.0 39599.99999999999 12400.000000000053 100.0 39600.0 2000.000000000053 100.0 39600.0 2000.000000000053 3600.0 39599.99999999999 12400.000000000053 3600.0 
1.0 5.553164765632782e-16 -3.9913853757754226e-31 -39800.0 39800.0 2000.0000000000534 100.0 39799.99999999999 12400.000000000053 100.0 39799.99999999999 12400.000000000053 3600.0 39800.0 2000.0000000000534 3600.0 
0.0 0.0 -1.0 100.0 39800.0 2000.0000000000534 100.0 39600.0 2000.000000000053 100.0 39599.99999999999 12400.000000000053 100.0 39799.99999999999 12400.000000000053 100.0 
-0.0 1.0 -0.0 -12400.000000000053 39799.99999999999 12400.000000000053 100.0 39599.99999999999 12400.000000000053 100.0 39599.99999999999 12400.000000000053 3600.0 39799.99999999999 12400.000000000053 3600.0 
-0.0 -0.0 1.0 -3600.0000000000005 26399.99999999999 2200.0000000000427 3600.0000000000005 26599.999999999993 2200.0000000000437 3600.0000000000005 26599.999999999978 12200.000000000045 3600.0000000000005 26399.999999999978 12200.000000000047 3600.0000000000005 
3.6095570976612956e-15 -1.0 1.646836251235453e-32 2199.9999999999477 26399.99999999999 2200.0000000000427 100.00000000000072 26599.999999999993 2200.0000000000437 100.00000000000072 26599.999999999993 2200.0000000000437 3600.0000000000005 26399.99999999999 2200.0000000000427 3600.0000000000005 
-1.0 -1.1550582712516183e-15 0.0 26399.99999999999 26399.999999999978 12200.000000000047 100.00000000000072 26399.99999999999 2200.0000000000427 100.00000000000072 26399.99999999999 2200.0000000000427 3600.0000000000005 26399.999999999978 12200.000000000047 3600.0000000000005 
1.0 1.155058271251619e-15 -4.317082422438696e-31 -26599.999999999996 26599.999999999993 2200.0000000000437 100.00000000000072 26599.999999999978 12200.000000000045 100.00000000000072 26599.999999999978 12200.000000000045 3600.0000000000005 26599.999999999993 2200.0000000000437 3600.0000000000005 
0.0 0.0 -1.0 100.00000000000072 26599.999999999993 2200.0000000000437 100.00000000000072 26399.99999999999 2200.0000000000427 100.00000000000072 26399.999999999978 12200.000000000047 100.00000000000072 26599.999999999978 12200.000000000045 100.00000000000072 
7.219114195322591e-15 1.0 -3.293672502470906e-32 -12200.000000000236 26599.999999999978 12200.000000000045 100.00000000000072 26399.999999999978 12200.000000000047 100.00000000000072 26399.999999999978 12200.000000000047 3600.0000000000005 26599.999999999978 12200.000000000045 3600.0000000000005 
-0.0 -0.0 1.0 -3599.9999999999986 13199.999999999955 2200.000000000026 3599.9999999999986 13399.999999999956 2200.0000000000264 3599.9999999999986 13399.999999999942 12200.000000000027 3599.9999999999986 13199.99999999994 12200.000000000027 3599.9999999999986 
1.8047785488306478e-15 -1.0 8.234181256177265e-33 2200.0000000000023 13199.999999999955 2200.000000000026 99.99999999999855 13399.999999999956 2200.0000000000264 99.99999999999855 13399.999999999956 2200.0000000000264 3599.9999999999986 13199.999999999955 2200.000000000026 3599.9999999999986 
-1.0 -1.443822839064523e-15 0.0 13199.999999999958 13199.99999999994 12200.000000000027 99.99999999999855 13199.999999999955 2200.000000000026 99.99999999999855 13199.999999999955 2200.000000000026 3599.9999999999986 13199.99999999994 12200.000000000027 3599.9999999999986 
1.0 1.443822839064523e-15 -0.0 -13399.999999999958 13399.999999999956 2200.0000000000264 99.99999999999855 13399.999999999942 12200.000000000027 99.99999999999855 13399.999999999942 12200.000000000027 3599.9999999999986 13399.999999999956 2200.0000000000264 3599.9999999999986 
0.0 0.0 -1.0 99.99999999999855 13399.999999999956 2200.0000000000264 99.99999999999855 13199.999999999955 2200.000000000026 99.99999999999855 13199.99999999994 12200.000000000027 99.99999999999855 13399.999999999942 12200.000000000027 99.99999999999855 
-0.0 1.0 -0.0 -12200.000000000027 13399.999999999942 12200.000000000027 99.99999999999855 13199.99999999994 12200.000000000027 99.99999999999855 13199.99999999994 12200.000000000027 3599.9999999999986 13399.999999999942 12200.000000000027 3599.9999999999986 
-0.0 -0.0 1.0 -3600.0 -1.1798739762980403e-11 2000.0000000000014 3600.0 199.99999999998892 2000.0000000000018 3600.0 199.99999999997448 12400.000000000002 3600.0 -2.6236968153625637e-11 12400.000000000002 3600.0 
1.804778548830648e-15 -1.0 -8.23418125617727e-33 2000.0000000000014 -1.1798739762980403e-11 2000.0000000000014 100.00000000000036 199.99999999998892 2000.0000000000018 100.00000000000036 199.99999999998892 2000.0000000000018 3600.0 -1.1798739762980403e-11 2000.0000000000014 3600.0 
-1.0 -1.388291191408196e-15 -3.991385375775423e-31 -9.022157380164008e-12 -2.6236968153625637e-11 12400.000000000002 100.00000000000036 -1.1798739762980403e-11 2000.0000000000014 100.00000000000036 -1.1798739762980403e-11 2000.0000000000014 3600.0 -2.6236968153625637e-11 12400.000000000002 3600.0 
1.0 1.388291191408196e-15 -0.0 -199.9999999999917 199.99999999998892 2000.0000000000018 100.00000000000036 199.99999999997448 12400.000000000002 100.00000000000036 199.99999999997448 12400.000000000002 3600.0 199.99999999998892 2000.0000000000018 3600.0 
0.0 0.0 -1.0 100.00000000000036 199.99999999998892 2000.0000000000018 100.00000000000036 -1.1798739762980403e-11 2000.0000000000014 100.00000000000036 -2.6236968153625637e-11 12400.000000000002 100.00000000000036 199.99999999997448 12400.000000000002 100.00000000000036 
-0.0 1.0 -0.0 -12400.000000000002 199.99999999997448 12400.000000000002 100.00000000000036 -2.6236968153625637e-11 12400.000000000002 100.00000000000036 -2.6236968153625637e-11 12400.000000000002 3600.0 199.99999999997448 12400.000000000002 3600.0 
0.0 0.0 -1.0 100.00000000000036 199.99999999998917 12400.000000000025 100.00000000000036 39599.999999999985 12400.000000000078 100.00000000000036 39599.999999999985 12200.00000000008 100.00000000000036 199.99999999998917 12200.000000000025 100.00000000000036 
-0.0 -0.0 1.0 -3600.0 39599.999999999985 12400.000000000078 3600.0 199.99999999998917 12400.000000000025 3600.0 199.99999999998917 12200.000000000025 3600.0 39599.999999999985 12200.00000000008 3600.0 
-1.3558742397306443e-15 1.0 -1.7798273276564505e-30 -12400.000000000024 39599.999999999985 12400.000000000078 100.00000000000036 199.99999999998917 12400.000000000025 100.00000000000036 199.99999999998917 12400.000000000025 3600.0 39599.999999999985 12400.000000000078 3600.0 
1.392519489453094e-15 -1.0 -1.7798273276564505e-30 12200.000000000024 199.99999999998917 12200.000000000025 100.00000000000036 39599.999999999985 12200.00000000008 100.00000000000036 39599.999999999985 12200.00000000008 3600.0 199.99999999998917 12200.000000000025 3600.0 
1.0 -0.0 -0.0 -39599.999999999985 39599.999999999985 12200.00000000008 100.00000000000036 39599.999999999985 12400.000000000078 100.00000000000036 39599.999999999985 12400.000000000078 3600.0 39599.999999999985 12200.00000000008 3600.0 
-1.0 0.0 0.0 199.99999999998917 199.99999999998917 12400.000000000025 100.00000000000036 199.99999999998917 12200.000000000025 100.00000000000036 199.99999999998917 12200.000000000025 3600.0 199.99999999998917 12400.000000000025 3600.0 
0.0 0.0 -1.0 3499.9999999999995 39800.00000000002 1900.0000000000728 3499.9999999999995 39800.00000000002 2000.0000000000728 3499.9999999999995 40800.00000000002 2000.000000000074 3499.9999999999995 40800.00000000002 1900.000000000074 3499.9999999999995 
-0.0 -0.0 1.0 -3600.0 39800.00000000002 2000.0000000000728 3600.0 39800.00000000002 1900.0000000000728 3600.0 40800.00000000002 1900.000000000074 3600.0 40800.00000000002 2000.000000000074 3600.0 
1.0 -0.0 -0.0 -40800.00000000002 40800.00000000002 1900.000000000074 3499.9999999999995 40800.00000000002 2000.000000000074 3499.9999999999995 40800.00000000002 2000.000000000074 3600.0 40800.00000000002 1900.000000000074 3600.0 
1.0828671292983951e-15 -1.0 -8.069497631053758e-31 1900.00000000003 39800.00000000002 1900.0000000000728 3499.9999999999995 40800.00000000002 1900.000000000074 3499.9999999999995 40800.00000000002 1900.000000000074 3600.0 39800.00000000002 1900.0000000000728 3600.0 
-1.0 0.0 0.0 39800.00000000002 39800.00000000002 2000.0000000000728 3499.9999999999995 39800.00000000002 1900.0000000000728 3499.9999999999995 39800.00000000002 1900.0000000000728 3600.0 39800.00000000002 2000.0000000000728 3600.0 
-1.0828671292983951e-15 1.0 -8.069497631053758e-31 -2000.00000000003 40800.00000000002 2000.000000000074 3499.9999999999995 39800.00000000002 2000.0000000000728 3499.9999999999995 39800.00000000002 2000.0000000000728 3600.0 40800.00000000002 2000.000000000074 3600.0 
0.0 0.0 -1.0 3600.0000000000005 40800.00000000004 6.298677135418984e-11 3600.0000000000005 39800.00000000004 6.163318744256685e-11 3600.0000000000005 39800.00000000004 2000.000000000062 3600.0000000000005 40800.00000000004 2000.0000000000634 3600.0000000000005 
-0.0 -0.0 1.0 -3700.000000000001 39800.00000000004 6.163318744256685e-11 3700.000000000001 40800.00000000004 6.298677135418984e-11 3700.000000000001 40800.00000000004 2000.0000000000634 3700.000000000001 39800.00000000004 2000.000000000062 3700.000000000001 
-1.0 -2.887645678129046e-15 0.0 39800.00000000004 39800.00000000004 2000.000000000062 3600.0000000000005 39800.00000000004 6.163318744256685e-11 3600.0000000000005 39800.00000000004 6.163318744256685e-11 3700.000000000001 39800.00000000004 2000.000000000062 3700.000000000001 
1.3535839116229938e-15 -1.0 -1.6138995262107516e-30 7.760547759971647e-12 39800.00000000004 6.163318744256685e-11 3600.0000000000005 40800.00000000004 6.298677135418984e-11 3600.0000000000005 40800.00000000004 6.298677135418984e-11 3700.000000000001 39800.00000000004 6.163318744256685e-11 3700.000000000001 
-1.4438228390645182e-15 1.0 -1.6138995262107323e-30 -2000.0000000000043 40800.00000000004 2000.0000000000634 3600.0000000000005 39800.00000000004 2000.000000000062 3600.0000000000005 39800.00000000004 2000.000000000062 3700.000000000001 40800.00000000004 2000.0000000000634 3700.000000000001 
1.0 -0.0 -0.0 -40800.00000000004 40800.00000000004 6.298677135418984e-11 3600.0000000000005 40800.00000000004 2000.0000000000634 3600.0000000000005 40800.00000000004 2000.0000000000634 3700.000000000001 40800.00000000004 6.298677135418984e-11 3700.000000000001 
-0.0 -0.0 1.0 -7199.999999999997 13199.999999999967 2200.000000000026 7199.999999999997 13399.999999999967 2200.0000000000264 7199.999999999997 13399.999999999953 12200.000000000027 7199.999999999997 13199.999999999953 12200.000000000027 7199.999999999997 
1.8047785488306478e-15 -1.0 -8.234181256177268e-33 2200.0000000000023 13199.999999999967 2200.000000000026 3699.9999999999973 13399.999999999967 2200.0000000000264 3699.9999999999973 13399.999999999967 2200.0000000000264 7199.999999999997 13199.999999999967 2200.000000000026 7199.999999999997 
-1.0 -1.443822839064523e-15 4.317082422438696e-31 13199.999999999969 13199.999999999953 12200.000000000027 3699.9999999999973 13199.999999999967 2200.000000000026 3699.9999999999973 13199.999999999967 2200.000000000026 7199.999999999997 13199.999999999953 12200.000000000027 7199.999999999997 
1.0 1.4438228390645227e-15 4.317082422438697e-31 -13399.99999999997 13399.999999999967 2200.0000000000264 3699.9999999999973 13399.999999999953 12200.000000000027 3699.9999999999973 13399.999999999953 12200.000000000027 7199.999999999997 13399.999999999967 2200.0000000000264 7199.999999999997 
0.0 0.0 -1.0 3699.9999999999973 13399.999999999967 2200.0000000000264 3699.9999999999973 13199.999999999967 2200.000000000026 3699.9999999999973 13199.999999999953 12200.000000000027 3699.9999999999973 13399.999999999953 12200.000000000027 3699.9999999999973 
-0.0 1.0 -0.0 -12200.000000000027 13399.999999999953 12200.000000000027 3699.9999999999973 13199.999999999953 12200.000000000027 3699.9999999999973 13199.999999999953 12200.000000000027 7199.999999999997 13399.999999999953 12200.000000000027 7199.999999999997 
0.0 0.0 -1.0 3700.0000000000005 199.99999999998917 12400.000000000025 3700.0000000000005 39599.999999999985 12400.000000000078 3700.0000000000005 39599.999999999985 12200.00000000008 3700.0000000000005 199.99999999998917 12200.000000000025 3700.0000000000005 
-0.0 -0.0 1.0 -7200.0 39599.999999999985 12400.000000000078 7200.0 199.99999999998917 12400.000000000025 7200.0 199.99999999998917 12200.000000000025 7200.0 39599.999999999985 12200.00000000008 7200.0 
-1.3558742397306443e-15 1.0 -1.779827327656451e-30 -12400.000000000024 39599.999999999985 12400.000000000078 3700.0000000000005 199.99999999998917 12400.000000000025 3700.0000000000005 199.99999999998917 12400.000000000025 7200.0 39599.999999999985 12400.000000000078 7200.0 
1.3925194894530943e-15 -1.0 -1.779827327656451e-30 12200.000000000024 199.99999999998917 12200.000000000025 3700.0000000000005 39599.999999999985 12200.00000000008 3700.0000000000005 39599.999999999985 12200.00000000008 7200.0 199.99999999998917 12200.000000000025 7200.0 
1.0 -0.0 -0.0 -39599.999999999985 39599.999999999985 12200.00000000008 3700.0000000000005 39599.999999999985 12400.000000000078 3700.0000000000005 39599.999999999985 12400.000000000078 7200.0 39599.999999999985 12200.00000000008 7200.0 
-1.0 0.0 0.0 199.99999999998917 199.99999999998917 12400.000000000025 3700.0000000000005 199.99999999998917 12200.000000000025 3700.0000000000005 199.99999999998917 12200.000000000025 7200.0 199.99999999998917 12400.000000000025 7200.0 
-0.0 -0.0 1.0 -7200.0 1.1302425662051973e-11 2000.0000000000014 7200.0 200.00000000001202 2000.0000000000018 7200.0 199.99999999999758 12400.000000000002 7200.0 -3.135802728593262e-12 12400.000000000002 7200.0 
1.8047785488306486e-15 -1.0 -1.646836251235454e-32 2000.0000000000014 1.1302425662051973e-11 2000.0000000000014 3700.0000000000005 200.00000000001202 2000.0000000000018 3700.0000000000005 200.00000000001202 2000.0000000000018 7200.0 1.1302425662051973e-11 2000.0000000000014 7200.0 
-1.0 -1.3882911914081957e-15 -3.991385375775424e-31 1.4079008044868368e-11 -3.135802728593262e-12 12400.000000000002 3700.0000000000005 1.1302425662051973e-11 2000.0000000000014 3700.0000000000005 1.1302425662051973e-11 2000.0000000000014 7200.0 -3.135802728593262e-12 12400.000000000002 7200.0 
1.0 1.3882911914081957e-15 -3.991385375775424e-31 -200.0000000000148 200.00000000001202 2000.0000000000018 3700.0000000000005 199.99999999999758 12400.000000000002 3700.0000000000005 199.99999999999758 12400.000000000002 7200.0 200.00000000001202 2000.0000000000018 7200.0 
0.0 0.0 -1.0 3700.0000000000005 200.00000000001202 2000.0000000000018 3700.0000000000005 1.1302425662051973e-11 2000.0000000000014 3700.0000000000005 -3.135802728593262e-12 12400.000000000002 3700.0000000000005 199.99999999999758 12400.000000000002 3700.0000000000005 
-0.0 1.0 -0.0 -12400.000000000002 199.99999999999758 12400.000000000002 3700.0000000000005 -3.135802728593262e-12 12400.000000000002 3700.0000000000005 -3.135802728593262e-12 12400.000000000002 7200.0 199.99999999999758 12400.000000000002 7200.0 
-0.0 -0.0 1.0 -7200.0 39600.0 2000.000000000053 7200.0 39800.0 2000.0000000000534 7200.0 39799.99999999999 12400.000000000053 7200.0 39599.99999999999 12400.000000000053 7200.0 
1.8047785488306478e-15 -1.0 0.0 1999.9999999999816 39600.0 2000.000000000053 3699.9999999999986 39800.0 2000.0000000000534 3699.9999999999986 39800.0 2000.0000000000534 7200.0 39600.0 2000.000000000053 7200.0 
-1.0 -5.553164765632783e-16 -1.995692687887711e-31 39600.0 39599.99999999999 12400.000000000053 3699.9999999999986 39600.0 2000.000000000053 3699.9999999999986 39600.0 2000.000000000053 7200.0 39599.99999999999 12400.000000000053 7200.0 
1.0 5.553164765632783e-16 -1.995692687887711e-31 -39800.0 39800.0 2000.0000000000534 3699.9999999999986 39799.99999999999 12400.000000000053 3699.9999999999986 39799.99999999999 12400.000000000053 7200.0 39800.0 2000.0000000000534 7200.0 
0.0 0.0 -1.0 3699.9999999999986 39800.0 2000.0000000000534 3699.9999999999986 39600.0 2000.000000000053 3699.9999999999986 39599.99999999999 12400.000000000053 3699.9999999999986 39799.99999999999 12400.000000000053 3699.9999999999986 
-0.0 1.0 -0.0 -12400.000000000053 39799.99999999999 12400.000000000053 3699.9999999999986 39599.99999999999 12400.000000000053 3699.9999999999986 39599.99999999999 12400.000000000053 7200.0 39799.99999999999 12400.000000000053 7200.0 
-0.0 -0.0 1.0 -7200.0 26399.99999999999 2200.0000000000427 7200.0 26599.999999999993 2200.0000000000437 7200.0 26599.999999999978 12200.000000000045 7200.0 26399.999999999978 12200.000000000047 7200.0 
3.6095570976612956e-15 -1.0 -1.6468362512354536e-32 2199.9999999999477 26399.99999999999 2200.0000000000427 3700.0000000000005 26599.999999999993 2200.0000000000437 3700.0000000000005 26599.999999999993 2200.0000000000437 7200.0 26399.99999999999 2200.0000000000427 7200.0 
-1.0 -1.1550582712516183e-15 -4.317082422438695e-31 26399.99999999999 26399.999999999978 12200.000000000047 3700.0000000000005 26399.99999999999 2200.0000000000427 3700.0000000000005 26399.99999999999 2200.0000000000427 7200.0 26399.999999999978 12200.000000000047 7200.0 
1.0 1.1550582712516185e-15 -4.317082422438697e-31 -26599.999999999996 26599.999999999993 2200.0000000000437 3700.0000000000005 26599.999999999978 12200.000000000045 3700.0000000000005 26599.999999999978 12200.000000000045 7200.0 26599.999999999993 2200.0000000000437 7200.0 
0.0 0.0 -1.0 3700.0000000000005 26599.999999999993 2200.0000000000437 3700.0000000000005 26399.99999999999 2200.0000000000427 3700.0000000000005 26399.999999999978 12200.000000000047 3700.0000000000005 26599.999999999978 12200.000000000045 3700.0000000000005 
7.219114195322591e-15 1.0 3.293672502470907e-32 -12200.000000000236 26599.999999999978 12200.000000000045 3700.0000000000005 26399.999999999978 12200.000000000047 3700.0000000000005 26399.999999999978 12200.000000000047 7200.0 26599.999999999978 12200.000000000045 7200.0 
0.0 0.0 -1.0 7199.999999999997 4.0427039493806656e-11 12400.000000000018 7199.999999999997 41800.000000000015 12400.000000000076 7199.999999999997 41800.00000000003 7.543974334112135e-11 7199.999999999997 4.620233085006475e-11 1.732587406877428e-11 7199.999999999997 
-0.0 -0.0 1.0 -7299.999999999997 41800.000000000015 12400.000000000076 7299.999999999997 4.0427039493806656e-11 12400.000000000018 7299.999999999997 4.620233085006475e-11 1.732587406877428e-11 7299.999999999997 41800.00000000003 7.543974334112135e-11 7299.999999999997 
-1.0 -4.657493029240398e-16 -5.374067100805807e-30 4.620233085006479e-11 4.0427039493806656e-11 12400.000000000018 7199.999999999997 4.620233085006475e-11 1.732587406877428e-11 7199.999999999997 4.620233085006475e-11 1.732587406877428e-11 7299.999999999997 4.0427039493806656e-11 12400.000000000018 7299.999999999997 
-1.3816486498225112e-15 1.0 -6.053462566662135e-29 -12400.000000000018 41800.000000000015 12400.000000000076 7199.999999999997 4.0427039493806656e-11 12400.000000000018 7199.999999999997 4.0427039493806656e-11 12400.000000000018 7299.999999999997 41800.000000000015 12400.000000000076 7299.999999999997 
1.390283953883902e-15 -1.0 -6.053462566662132e-29 1.732587406877465e-11 4.620233085006475e-11 1.732587406877428e-11 7199.999999999997 41800.00000000003 7.543974334112135e-11 7199.999999999997 41800.00000000003 7.543974334112135e-11 7299.999999999997 4.620233085006475e-11 1.732587406877428e-11 7299.999999999997 
1.0 1.3972479087721188e-15 4.299253680644644e-29 -41800.00000000003 41800.00000000003 7.543974334112135e-11 7199.999999999997 41800.000000000015 12400.000000000076 7199.999999999997 41800.000000000015 12400.000000000076 7299.999999999997 41800.00000000003 7.543974334112135e-11 7299.999999999997 
0.0 0.0 -1.0 0.0 -5.775291356258094e-12 12400.000000000002 0.0 41799.99999999996 12400.000000000058 0.0 41799.999999999985 5.811386927234707e-11 0.0 0.0 0.0 0.0 
-0.0 -0.0 1.0 -100.00000000000036 41799.99999999996 12400.000000000058 100.00000000000036 -5.775291356258094e-12 12400.000000000002 100.00000000000036 0.0 0.0 100.00000000000036 41799.999999999985 5.811386927234707e-11 100.00000000000036 
-1.0 -4.657493029240399e-16 0.0 3.3101751757397643e-28 -5.775291356258094e-12 12400.000000000002 0.0 0.0 0.0 0.0 0.0 0.0 100.00000000000036 -5.775291356258094e-12 12400.000000000002 100.00000000000036 
-1.381648649822512e-15 1.0 -1.210692513332427e-28 -12400.000000000002 41799.99999999996 12400.000000000058 0.0 -5.775291356258094e-12 12400.000000000002 0.0 -5.775291356258094e-12 12400.000000000002 100.00000000000036 41799.99999999996 12400.000000000058 100.00000000000036 
1.390283953883902e-15 -1.0 -6.053462566662131e-29 -4.078270211722029e-27 0.0 0.0 0.0 41799.999999999985 5.811386927234707e-11 0.0 41799.999999999985 5.811386927234707e-11 100.00000000000036 0.0 0.0 100.00000000000036 
1.0 1.397247908772119e-15 2.149626840322322e-29 -41799.999999999985 41799.999999999985 5.811386927234707e-11 0.0 41799.99999999996 12400.000000000058 0.0 41799.99999999996 12400.000000000058 100.00000000000036 41799.999999999985 5.811386927234707e-11 100.00000000000036 
0.0 0.0 -1.0 100.0 200.00000000000648 2199.9999999999955 100.0 39600.0 2200.00000000005 100.0 39600.0 2000.00000000005 100.0 200.0000000000007 1999.9999999999957 100.0 
-0.0 -0.0 1.0 -3600.0 39600.0 2200.00000000005 3600.0 200.00000000000648 2199.9999999999955 3600.0 200.0000000000007 1999.9999999999957 3600.0 39600.0 2000.00000000005 3600.0 
-1.3833581770224818e-15 1.0 -1.7798273276564502e-30 -2199.9999999999955 39600.0 2200.00000000005 100.0 200.00000000000648 2199.9999999999955 100.0 200.00000000000648 2199.9999999999955 3600.0 39600.0 2200.00000000005 3600.0 
1.3833581770224818e-15 -1.0 -1.7798273276564502e-30 1999.9999999999957 200.0000000000007 1999.9999999999957 100.0 39600.0 2000.00000000005 100.0 39600.0 2000.00000000005 3600.0 200.0000000000007 1999.9999999999957 3600.0 
1.0 -2.887645678129048e-14 -0.0 -39599.99999999994 39600.0 2000.00000000005 100.0 39600.0 2200.00000000005 100.0 39600.0 2200.00000000005 3600.0 39600.0 2000.00000000005 3600.0 
-1.0 2.887645678129048e-14 0.0 199.99999999994296 200.00000000000648 2199.9999999999955 100.0 200.0000000000007 1999.9999999999957 100.0 200.0000000000007 1999.9999999999957 3600.0 200.00000000000648 2199.9999999999955 3600.0 
0.0 0.0 -1.0 3700.0000000000005 200.00000000001805 2200.0000000000014 3700.0000000000005 39600.000000000015 2200.0000000000564 3700.0000000000005 39600.00000000001 2000.0000000000562 3700.0000000000005 200.00000000001228 2000.0000000000018 3700.0000000000005 
-0.0 -0.0 1.0 -7200.0 39600.000000000015 2200.0000000000564 7200.0 200.00000000001805 2200.0000000000014 7200.0 200.00000000001228 2000.0000000000018 7200.0 39600.00000000001 2000.0000000000562 7200.0 
-1.3925194894530943e-15 1.0 -0.0 -2200.0000000000014 39600.000000000015 2200.0000000000564 3700.0000000000005 200.00000000001805 2200.0000000000014 3700.0000000000005 200.00000000001805 2200.0000000000014 7200.0 39600.000000000015 2200.0000000000564 7200.0 
1.383358177022482e-15 -1.0 -3.559654655312902e-30 2000.0000000000018 200.00000000001228 2000.0000000000018 3700.0000000000005 39600.00000000001 2000.0000000000562 3700.0000000000005 39600.00000000001 2000.0000000000562 7200.0 200.00000000001228 2000.0000000000018 7200.0 
1.0 -2.8876456781290466e-14 -0.0 -39599.99999999995 39600.00000000001 2000.0000000000562 3700.0000000000005 39600.000000000015 2200.0000000000564 3700.0000000000005 39600.000000000015 2200.0000000000564 7200.0 39600.00000000001 2000.0000000000562 7200.0 
-1.0 2.8876456781290535e-14 1.3174690009883773e-31 199.99999999995453 200.00000000001805 2200.0000000000014 3700.0000000000005 200.00000000001228 2000.0000000000018 3700.0000000000005 200.00000000001228 2000.0000000000018 7200.0 200.00000000001805 2200.0000000000014 7200.0