10001 17431.519796567594 8932.02371868276 0.8349361666176724 
10002 18224.586909535756 321.4852746658525 4012.536088514577 
10003 23023.352327617256 8781.0330004645 2123.6045940644935 
10004 40421.84727077169 6785.679889778957 7100.595827743656 
10005 9279.31455155111 10797.080596599468 1509.0498339778128 
10006 37321.55433002487 4116.549585734598 5994.972598322172 
10007 3189.68649583141 9670.99302377742 3200.3873895185225 
10008 36509.34903669792 12009.904218979556 6345.120143561616 
10009 433.6396324222581 6223.244942644361 3619.1450398792663 
10010 32241.202888549982 257.3241720565786 4625.632114961811 
10011 7535.272995048952 241.49299444654483 3381.4952434379156 
10012 6444.006811470305 9176.616236791018 1922.1996108514832 
10013 32507.960761985683 2945.5111284329123 6017.23328842799 
10014 21482.831769698452 9587.24664578328 6354.1221057911325 
10015 35480.57974582659 2218.309469020381 396.8514644369494 
10016 9333.567108617925 6487.225433368384 4020.120633042622 
10017 12316.997112321185 6579.275769505647 1398.1017447167126 
10018 27185.643304714933 6267.621834312052 6413.7907377273295 
10019 4076.9045531270763 9439.496486768217 1802.6472041141874 
10020 24583.867485030063 11131.650226076783 6508.174325165369 
10021 2036.7000178215208 3584.959781393729 5263.054331867977 
10022 8713.650461599622 5972.845165865737 3069.9276577949354 
10023 21623.05154478743 11742.336287303695 5587.856243597421 
10024 40128.723279441394 8673.949419374743 7299.031236154318 
10025 36371.18891101746 7220.233915539741 2035.5242671178041 
10026 12871.681019723781 6440.454343385729 5608.572929227206 
10027 17795.154959689844 10100.838382132453 5368.400218457661 
10028 30472.774427685177 6959.37106886275 912.2597716674588 
10029 36105.16739682946 3532.8339688225724 534.771633011273 
10030 26925.1998076564 4721.2812714754455 4840.24970895038 
10031 11957.049745409553 11880.509024835601 5623.284405197809 
10032 35901.57137284906 4621.618321693471 4052.440079389756 
10033 10387.72332689711 5579.695221029864 2999.8678618747476 
10034 1611.8782608429235 9673.24571050597 676.7374139391733 
10035 19146.696835766983 3823.5351263649045 1689.8554287596046 
10036 30451.60060870133 7460.016233390645 6950.9188720639 
10037 39479.95799943543 5754.817361374654 1407.4037113872505 
10038 16083.516395799888 10660.377297723677 6892.657341394166 
10039 22859.966726875828 9893.947863904305 5988.933723258184 
10040 17041.31777375596 686.538897387065 5756.304605653295 
10041 10488.607472538499 571.5881763403858 4940.758560107076 
10042 15655.776967819753 11788.85739948296 5343.555775223257 
10043 4809.280875092761 7552.42508706557 973.7540385577145 
10044 34896.40181422415 1299.4716941863849 5435.87551626048 
10045 41340.68126328009 6814.354612874596 2054.5653042719587 
10046 32764.192263680376 7871.937955053854 1818.0145680649669 
10047 4743.81812515455 12083.590371012062 5319.762824558075 
10048 731.0933249221799 11055.508513035204 2079.4865225596036 
10049 12580.31425477723 3063.566716326499 6762.2464859319825 
10050 20674.348783489295 2828.2304951717692 1864.9596434276427 
10051 28245.573168048486 554.4310593165309 2506.1168095609237 
10052 34406.012241669305 323.8629714663549 1538.625671498446 
10053 35390.48862138359 6958.452699286424 3320.5904375619957 
10054 17563.64802648435 4504.169762367062 1349.5998206585975 
10055 3891.9263828836642 12048.533407873365 3532.1778573846163 
10056 41139.219352679705 4134.312098581701 4918.021860084704 
10057 3651.2150733109174 2857.916034441427 3000.745815664063 
10058 15261.413370348606 5594.95335707739 3621.240546004863 
10059 38624.66783101098 1957.5951986314205 6328.48006075532 
10060 12576.505195948665 2318.1281226392875 2359.233541868002 
10061 34462.82409317518 2248.736682965277 6404.485407911484 
10062 1410.9468956901078 6064.93309877325 6176.421210150445 
10063 23154.734740524513 4913.473881946547 351.32543983455986 
10064 15846.31836313159 7032.017273027214 4347.82534239699 
10065 9139.363096153213 389.3937218319989 2096.014524579835 
10066 6449.2207658873285 1657.8745526808177 2647.6039030912793 
10067 22816.589771282106 10649.82197133285 5007.015881936028 
10068 10841.727443844935 537.6770344075632 4248.821497524212 
10069 12383.214957907721 10032.43967434925 2556.8434341309035 
10070 38768.68651427248 10818.086050674274 4267.808289947538 
10071 7757.046487414943 4793.831357721669 6072.84225005134 
10072 4461.656854271988 8485.848652655724 3905.2271069549365 
10073 26864.438479858105 6678.899544014942 3736.8552719479994 
10074 8452.055865384087 9728.390290970956 6281.921846430328 
10075 23781.701200984466 817.9564221090861 6483.207890271877 
10076 12992.68562981565 10155.44153691374 2443.694159372133 
10077 38418.7575292058 7963.225439055807 5502.0992770229905 
10078 2013.975309509935 8443.941371959701 5830.481295697753 
10079 20927.927681027933 5804.036081756628 3655.712437188296 
10080 21816.076949710652 8672.638950981835 1970.043488832537 
10081 14856.519124258886 4226.5260709473405 6811.67702865546 
10082 11504.432997695914 7926.461435473344 4554.464250048272 
10083 10744.373452994849 8478.9660300813 4844.584830254544 
10084 1924.5135337960942 4591.0047198334305 1768.9233526872545 
10085 25931.6254483261 6311.0180512030465 2177.187344838719 
10086 8468.970661687621 2567.954490356067 1114.2555260917952 
10087 27431.842942737596 11840.77707372402 7087.395055454859 
10088 27067.63386295638 6288.656133842194 3856.892075111348 
10089 20887.22259559726 3173.6204654647104 1884.1346062165937 
10090 6397.6655084249405 1955.3021965166504 7194.085133537014 
10091 8401.950317731309 4079.8537845030564 2164.4477275178265 
10092 37029.80487649275 9778.411428366186 3100.515359768285 
10093 25345.611319056672 8153.1434508609145 2242.8593682080605 
10094 30070.325864997463 7529.54257771267 5035.989786424975 
10095 9563.985779878469 2364.5314309398686 6470.4255981715105 
10096 8973.911960903353 11277.829404636628 5965.818224093235 
10097 34984.264394257094 12030.92456406009 3264.2226324090334 
10098 30608.770969278008 7033.143791590971 2198.9343973649484 
10099 28101.243750767095 6052.172150583238 6026.114770462043 
10100 22714.326566862354 3451.780375163072 3098.9784124686716 
10101 21585.46263796225 7076.278077164933 207.8618532901077 
10102 24983.09025032744 8382.237614216321 2184.7567093708235 
10103 18062.248394117727 2160.2692636654997 1247.888902525765 
10104 6183.082097749942 2830.8996267995844 5894.701542967749 
10105 3500.328818868775 4135.478026739613 6273.296939147123 
10106 358.0085458822438 11833.402746213513 3281.8247507855444 
10107 6801.067304806637 9359.28288287674 4112.833495128774 
10108 9764.945484114729 426.4065140802157 4234.649264562704 
10109 25559.049386970008 6093.687416448521 5104.770251864919 
10110 4851.260444352525 8164.846733652302 2741.7995756557702 
10111 25588.71334081646 2096.4649538858916 3183.2308414095423 
10112 15677.387986903319 7939.777287040788 6935.121029657719 
10113 35612.99359611769 916.4046256440233 6533.001867699952 
10114 6338.2162279211325 10772.441481192276 6758.951470252303 
10115 8196.658547129467 8714.402569875572 3019.9496543182313 
10116 15682.048871470959 4323.971854810726 6779.097376770692 
10117 18868.985086925117 3711.730573223201 1686.0203852980949 
10118 39402.83565498322 7181.309873135355 427.96081424178885 
10119 35439.86885709651 6173.107001429924 1489.5483385311343 
10120 28338.541915118465 6360.689148018575 4553.051695438719 
10121 4653.6286106192165 2613.517924331103 1700.6261601839367 
10122 6562.2588238716635 8707.404526906328 1908.791344656114 
10123 29112.41195799062 3548.1277533847056 1656.0156110186826 
10124 4433.513068907828 9243.8464125816 4177.888817409942 
10125 21181.147280682024 713.3806200843127 4581.333896274854 
10126 4396.194917698824 1588.9864932216044 638.0660517545051 
10127 21896.23277410545 495.5408794596799 1357.5467790631844 
10128 36225.428391146634 3262.9961350079325 959.2818906664551 
10129 23848.221931078002 3326.4212200923716 4418.655234666351 
10130 5920.145247407761 3863.150077982116 4049.983728419641 
10131 27176.42070871911 11756.553656419346 2832.6108735232456 
10132 32641.782969525084 4726.192318559835 6049.0547844634675 
10133 17535.460163375894 1607.7946551311577 799.7596987314218 
10134 33916.67157969885 5552.2766361046 4582.543289241543 
10135 27643.549794408522 4063.41428372812 1426.4066819718332 
10136 6404.426162411499 1837.2810729556018 1558.2717548763749 
10137 39452.938699401195 1097.945949227212 5076.208063417791 
10138 31322.50652312119 8744.853382772539 2365.4009525302963 
10139 20522.22779849339 9340.236025932883 6819.830395868676 
10140 31262.450589547585 1348.2807667711882 7.188867820045541 
10141 38346.713229178924 6477.696730681671 314.14149839731056 
10142 37706.17173716285 6916.813443747697 4788.688350196772 
10143 30838.15739699679 4215.438784346718 3417.057736375452 
10144 3901.7816235643068 11047.693366756175 3480.1618294752107 
10145 11831.153412461512 25.16951486652146 3873.2264220905413 
10146 20820.974393268476 7674.446368806594 2188.6904301471527 
10147 15327.874800827052 7848.9689501696375 225.06531553695868 
10148 24051.964623265616 1739.8242499320233 1155.390873793109 
10149 36838.655630824476 12148.324681142156 6311.452136698493 
10150 37978.80863211943 3198.8483518130693 6406.882553584075 
10151 32177.402425413 2192.589093625422 2268.185334984965 
10152 39656.82094853708 9221.183774853536 279.80223298774064 
10153 6173.853852065429 6561.88658791079 3603.7882152369534 
10154 21222.853517751522 7818.827531075848 5004.628588075053 
10155 27267.240418329417 11421.92476432132 1263.9651780002628 
10156 13109.295459602807 6931.604385359451 1915.7778752733373 
10157 33331.40630379437 7256.735096604918 1898.219340563976 
10158 4024.058446700592 1922.0835134512038 4231.593541196798 
10159 32973.77848265691 2435.2622053086006 1133.184344154972 
10160 34835.820076671145 4010.5887288029307 2772.786687804966 
10161 39320.156717597994 4354.981897262089 2806.41396617431 
10162 13417.803448886852 9371.36424418458 6409.546936894268 
10163 28798.689133175292 5878.7117971855505 3272.2730495151345 
10164 14921.87818715234 3803.1089088655917 2031.243281500416 
10165 34536.11675857352 7637.162528863981 6642.382507835392 
10166 12445.49146277014 10258.235812527328 5587.319553474594 
10167 37552.244226251576 2047.4321854475868 2539.4065281436547 
10168 24987.987770662963 6458.492831232586 1801.8787895340254 
10169 27988.894582197732 11253.925680217877 4875.869878789568 
10170 2200.5784555879636 2813.086104051003 1974.8726905035078 
10171 27493.790257962854 10967.507693600031 4299.049157557111 
10172 6244.9970982646855 1545.1406783451716 2333.8923743169175 
10173 3898.162645296926 8794.266413132196 3812.4134169215627 
10174 19229.61906815806 11114.311915571781 1387.938814177158 
10175 33527.2719849862 3298.582557549081 4042.9095955272046 
10176 14940.900512545226 2636.3012303303785 2446.960339338076 
10177 21018.340595811922 9743.973539333358 3245.35138456283 
10178 21928.12336121108 475.664017929196 5457.573170006563 
10179 39729.02094337139 3602.539097565707 6338.350042348368 
10180 23521.82557576011 1181.2583003404015 5060.520750753886 
10181 21904.16597186543 1414.7105787815076 4165.140682394976 
10182 36640.50878026925 779.5069885782974 875.4986982882176 
10183 34416.17056754002 11068.516815510142 6485.7793488404595 
10184 2861.4621949318685 6265.49515632064 7097.822664390579 
10185 5457.138362331872 6386.588405235264 2878.4168485715822 
10186 22684.803962180664 8375.97974306719 3785.8612825029363 
10187 17557.71345226347 6818.806396214828 521.9689543684246 
10188 21400.664410374695 9792.155688069019 4092.6872697648637 
10189 17669.2460542711 4685.941359125525 6212.840052750314 
10190 31146.342770327567 7777.11692870181 4779.967901415612 
10191 22639.2874747215 3168.3106857993307 1016.2221436805763 
10192 31655.126824289953 4537.677442394056 3089.6640059502424 
10193 16803.126815698703 8222.899708844956 2906.5554914412896 
10194 40449.79772035581 8909.855954989702 4180.441082949166 
10195 37090.29626056898 1217.326643835183 2572.5796192599196 
10196 28821.487715708186 7166.894845977544 362.71192829344017 
10197 36278.50232444954 9730.31580496436 7126.711249195322 
10198 25489.706372690856 11890.484152763409 2246.1003126676337 
10199 27370.292835707292 12177.28713114192 2919.3042961816814 
10200 39611.02833639982 2809.188022033365 4339.267054055268 
10201 4761.2122515936935 9273.722201717974 4460.733585616583 
10202 9371.818323566395 3274.27345634277 7134.73641553404 
10203 35442.22252138055 2342.83652363016 3289.4302470753946 
10204 38897.264020092174 4726.914173527726 4857.033803609379 
10205 40138.897483061235 6955.682142680707 7229.521887833954 
10206 17862.153352494264 6012.650488891942 333.80208890392106 
10207 21023.931171404794 4538.679875969337 3265.394274581168 
10208 4635.8899105887795 10018.85279036671 499.95473670128575 
10209 35249.26382971635 4192.64782291275 5976.8883861406 
10210 4176.831987186471 3755.316438822364 5716.336605977338 
10211 32661.18565112414 8591.077871439717 7078.510482840677 
10212 9735.288302342664 11304.950718387661 372.520875112356 
10213 9130.22926300404 11396.174971785682 6894.283755226132 
10214 2016.6003803331878 4410.986539347841 6641.107841042144 
10215 6433.922450913632 6070.60752989393 1328.5188817332007 
10216 1487.6216620093146 9667.593974252162 5005.179612727197 
10217 4333.058484852333 9838.389386115106 1983.1325999129706 
10218 13971.804268444945 1846.1516587809635 4779.632999894207 
10219 564.0243169119535 3424.474877702137 1317.328293951265 
10220 15054.362403847328 4633.302380698879 4679.375255078481 
10221 22846.6566894909 11957.411123127342 466.42104102200653 
10222 21987.988210317373 8497.93309503757 6100.4215742958095 
10223 34083.11186435897 9775.750252275238 6441.886068520412 
10224 20123.98442493942 5419.398972992798 175.78337868304504 
10225 12212.525381776339 6635.927062477281 1678.03982200526 
10226 37409.2135218227 4275.852357247722 5000.92375355001 
10227 5328.306827021937 7199.043688590132 4688.557564040551 
10228 17715.29191942626 6717.61030958674 5026.45075333948 
10229 4055.6449790864067 9158.109367185745 4955.121839916123 
10230 26375.799272921027 10940.573565347097 1887.4271226731753 
10231 32666.450906644677 7244.193039460736 3114.9835123806124 
10232 13672.626447886762 4292.120133816206 1057.0819516272832 
10233 6247.80977533515 11063.473421571529 4257.109189062038 
10234 1294.4349570465647 3153.0977081046767 6660.52323759367 
10235 38898.58271253696 6481.567377407494 567.1105316374434 
10236 3254.7910691012125 10052.91996386773 842.2200041476822 
10237 41290.40186268054 2960.1178981806406 101.89145999675794 
10238 2731.149437848397 3289.335186388541 5164.038998813111 
10239 12950.945971028275 1609.5694193657828 2532.5716299523856 
10240 12268.573376812192 5336.673134945173 5721.249731621326 
10241 25704.802280434684 7171.001478781194 1206.2519247677658 
10242 28619.893767660866 684.5309810721966 4727.2903359283455 
10243 8679.158432647753 9696.700646964613 4430.36192694718 
10244 12150.326355926458 1231.0354320303838 1817.7540522626741 
10245 37906.491626986994 1395.3720572201871 732.1909601504863 
10246 20049.34025653113 11314.583882122723 5040.050091499403 
10247 15306.337568759056 11253.514622271443 6066.741670681815 
10248 28925.040667695645 6014.434072066661 212.7136333762573 
10249 21607.949902079512 9912.85661008608 6794.836217090863 
10250 8977.776532233014 3381.0291452615816 2608.5791988832448 
10251 26652.149378594506 1277.4042848956303 1941.4106029171705 
10252 226.27719432734773 5371.56730720775 1805.518028936709 
10253 10954.10261780472 8475.305091172324 3796.632393472005 
10254 21404.182986246884 7937.465055312431 1167.9519082016118 
10255 19392.546439273443 2765.638758308909 2352.235351865468 
10256 1913.7629082634605 7267.896757725711 1483.6509371860668 
10257 38866.74640746754 10002.536352279983 4609.479114001488 
10258 3537.4168101338596 8158.38054299129 3016.70438070512 
10259 28851.192154462817 1250.485402447584 1942.789232735132 
10260 4038.370675850275 2697.9838523654275 1893.1407543667322 
10261 33479.12161908198 6024.052606040052 6037.878680249816 
10262 16391.99334513374 8935.531943563734 4076.725481230037 
10263 23963.26224942237 9397.533716847567 4141.055010832284 
10264 32456.276020627414 3772.310187923646 4180.536092587088 
10265 21816.37449144374 8599.754719618039 886.6615049592053 
10266 3329.957890830043 30.446639896081162 1784.004540034759 
10267 7383.14946992324 7610.109671327295 4739.221164060027 
10268 6227.294337719303 8620.754087240079 7142.244541711394 
10269 10797.703712660226 1642.3223363335815 3538.5595714364376 
10270 29014.42290397893 10024.525544634724 351.5534199759058 
10271 26705.382441579797 4186.753471758066 625.8376773426359 
10272 10354.718373809348 10894.276922687995 6846.6551061470645 
10273 3040.0541999502425 805.3095304231173 464.05925112758996 
10274 11808.308069415927 7449.305111779325 1163.023486284688 
10275 18280.05874934899 9374.072516729275 7217.447120149631 
10276 40285.95274232778 12117.882600417703 1655.1832827466258 
10277 20252.329468614298 4054.7073377563443 399.15733367311225 
10278 8185.391230085238 11249.629632326096 3790.769998960331 
10279 24485.919282269784 6115.000950722102 6093.473275118115 
10280 5570.1070244317 3028.980680268987 3605.9367516774682 
10281 18995.57798367994 1089.9105200656556 897.6370625354772 
10282 15400.218773211174 4857.357253006714 884.5427800361639 
10283 24971.952255925404 4050.128144337568 4678.014460916209 
10284 35357.68516823385 1284.5144969111022 171.0561744351039 
10285 10550.413036750844 701.3946677188983 4455.975668713702 
10286 6062.000420278902 2895.9419731967378 3029.6604589125386 
10287 6039.482659380918 8813.338690805496 6395.970415084979 
10288 23126.671983022778 8866.402589663863 5931.478774824404 
10289 30394.097680462 6492.500525241594 1298.0789749626974 
10290 11428.645994715896 3254.5162553685705 5424.7543776612965 
10291 4109.756808917929 8362.129534180718 4749.527652695036 
10292 10504.14648077239 4647.861309153105 4365.851117779048 
10293 34097.841146649684 8552.074842909058 4879.2421626609985 
10294 27923.460140566316 1690.4018282449347 4511.383082103732 
10295 26006.00949605498 4111.472427462451 5338.126173156056 
10296 12735.253220510924 8972.400725602103 6685.8764921312495 
10297 39693.101215755385 653.998986575506 526.141177692526 
10298 28745.825968049474 7084.415545350558 5160.559051534718 
10299 12521.398785190051 5226.383945155419 3834.774692793813 
10300 18856.923371662288 2740.6770372479627 2694.2931434644615 
10301 14098.303941991975 7360.360796386294 4923.351539811762 
10302 26596.554668096054 10230.525030229794 2494.006561311625 
10303 31356.20409926234 3484.8348844977386 4020.7982770856065 
10304 17419.423278601087 10287.455331178506 6856.7414353432 
10305 6485.959190950051 10531.28254248576 3792.974165183362 
10306 12125.53374760597 11841.920030843807 2365.795808106953 
10307 13402.375578553905 5190.868405001457 2946.9495462386462 
10308 32790.54968049348 8541.898383461108 157.20506358140665 
10309 32936.39059563469 10062.680388353074 5893.7282083653745 
10310 34214.10887610534 8290.250690488545 7115.717082213282 
10311 18999.74177327822 5449.848717286287 5366.248124129336 
10312 9059.183556408228 5192.153046329287 3024.264397420149 
10313 6919.556295050638 6821.294138674116 6284.364155410723 
10314 38325.31570640604 7297.919729159834 1934.848583558973 
10315 25777.188799636206 3461.651606724975 917.4316759847358 
10316 34717.84329524737 9243.756393450923 5131.477400718903 
10317 12721.84312508867 9006.146961432723 7033.7107190543065 
10318 24525.238491890428 4218.1884104453975 2070.536898987889 
10319 41734.98033254105 11353.183166715868 1049.7316058923238 
10320 29859.99659033986 3173.985897900988 7251.15784837521 
10321 37032.623944503925 966.1132480799419 7151.416948379856 
10322 17245.60967550323 1756.9815805398275 2015.127377412493 
10323 40687.6382725581 1368.3003843213112 6598.103672059099 
10324 2521.2386270340276 6373.365351093495 421.6089749700857 
10325 38779.30671010831 12165.001975099076 3172.767126460165 
10326 21716.014082799924 10579.627533340403 3667.8478521844677 
10327 18724.668453327442 8981.179480409946 2071.794072714235 
10328 10140.519708988828 3167.722032901705 636.7390111612517 
10329 23985.829066944523 4848.023249552481 515.6088279841696 
10330 20723.665355269874 2278.9799278133632 6272.048504056661 
10331 39570.882188113 1438.2945879378976 5136.57931574922 
10332 38379.71477742071 9466.16534474685 2082.9112807300125 
10333 22709.567437654805 9038.989025947685 123.23455609045585 
10334 9954.10849166452 402.8175785490443 907.1534489274698 
10335 31789.585326038075 264.08177460134567 6050.822695115047 
10336 18408.67952221149 11117.47192640289 3523.4737037904124 
10337 33436.10397437365 1904.2359099160224 4144.7983526638345 
10338 4912.963480856509 6974.192430411775 3768.106765502818 
10339 26657.83758679338 2127.99046168704 1985.0808352880638 
10340 11763.352035333663 12049.25690411149 3966.6797733066037 
10341 11083.976560883877 11488.334347189882 5328.067292982926 
10342 2718.437787992638 10196.696322186013 297.864138725417 
10343 3137.342062867286 8010.635766900082 4790.997326375825 
10344 13120.427912689724 9540.207247368384 2213.028776466204 
10345 15504.737856004289 8244.564410130206 3625.6034331035853 
10346 24813.29636052728 112.86795867873552 1354.951584715481 
10347 11138.117029327008 3567.2422274510823 6426.102582171176 
10348 11405.456161294194 4765.119300176309 2423.1520738601316 
10349 8947.274091359226 12038.476469074989 3481.447333023747 
10350 18063.0841329691 8881.482920435681 6531.700752005757 
10351 470.9092022756122 3509.5161449670018 65.26815162496914 
10352 36488.67131371134 6964.9338153123 1691.7541066842587 
10353 18232.325048757877 3261.255277589107 5954.299387632378 
10354 30575.729388813506 6596.033773573343 5206.176908338324 
10355 9665.392210004184 5605.869931936075 6874.171915332632 
10356 20355.22194963794 2894.2066091936163 5327.56222462669 
10357 30232.456049129694 3331.242945010881 5976.331982140051 
10358 29829.001810213027 2349.86355177657 3390.965265519821 
10359 36739.92543105638 8680.290464576125 2250.0684550511814 
10360 20807.128632593194 11674.914315313812 2697.366795097018 
10361 4606.314430898219 8607.520147852836 6396.157573284548 
10362 666.7549165865692 6004.130326618542 5502.060212164803 
10363 4406.031722737617 8805.384936198889 4109.201642817953 
10364 17774.87081867124 1228.0080077259686 1389.5231039454452 
10365 39352.850077197734 7955.873544103188 4997.656412641211 
10366 4382.417605520983 5350.474004756959 4772.470823283098 
10367 3791.788573622025 1600.0854343462697 311.40615730346843 
10368 17353.65918498924 0.9426237921032143 5767.175157667375 
10369 27169.973169718913 4258.767167412193 3076.775579188856 
10370 15290.219150854171 3733.2942875833924 6332.870147867764 
10371 28037.664276190302 7101.426322412614 2146.126115083392 
10372 9607.88401876036 1836.5192481894896 4663.242597888905 
10373 29023.07043519326 7232.36705751177 5528.471629108742 
10374 5668.872395499204 5703.590367958842 1160.6246693621567 
10375 8492.732736587142 1019.1504998002038 392.0186991590376 
10376 16894.383295112086 9880.256616439912 6907.893727299915 
10377 4952.637121185385 6459.767825534045 3809.6714847076037 
10378 24842.750210363643 633.1082080583553 365.98223920819095 
10379 33608.87738065256 2010.9076687361055 4417.367063697459 
10380 8566.638757775516 9855.917492347626 6301.86228633232 
10381 24465.634122679265 5473.249522308532 1927.2113162351666 
10382 31516.330667445818 4076.710281986871 1724.4067796450447 
10383 18388.49272174278 2536.417404045769 2391.6798991097426 
10384 32837.990308380424 3531.0349944234463 5275.939110125442 
10385 3470.439492899275 2447.4303933738693 1592.1377107623564 
10386 30856.884625184353 5466.275409920823 6067.710634155521 
10387 24744.801528432665 2578.409649324177 413.7491399302784 
10388 14004.60538529026 6251.202603909113 4605.7109135586 
10389 12172.721015512665 11618.496329297963 2019.7568435787496 
10390 37505.12013204643 6987.207601489444 7099.6039480537265 
10391 2447.65259235686 1547.8628267501053 2589.1110459454035 
10392 15258.480405633909 11465.371501419397 460.6497046952564 
10393 8335.990766481027 1680.1786211254162 5807.0216943258265 
10394 21290.829876951582 6586.362199915376 586.6278620787856 
10395 20311.40760999062 2315.287159085937 1354.3724644783465 
10396 12877.579097189933 4761.698599138008 6003.446197910795 
10397 8874.999794269947 1557.217681612097 2067.0680720890846 
10398 30987.969958196205 495.1877841887719 3104.922412730478 
10399 15677.427331379844 8355.441242861309 539.914889172709 
10400 27952.8683892685 2802.381029220839 6272.880811812031 
10401 30480.65481304816 4195.918276967966 3907.322595400522 
10402 2125.849242155067 5911.090673036765 2274.987751207479 
10403 7623.215053775534 7210.496958537002 4342.404076746699 
10404 27956.888579383318 4348.820310584312 6519.671891202554 
10405 29326.185237330563 3450.5966139919688 1366.5790064100013 
10406 38381.36094960274 6730.8570628797615 2860.975644147761 
10407 35629.144599764426 6246.97863542958 1626.1184813468224 
10408 20634.328549600225 10318.0185632133 7205.297066244497 
10409 8829.743192120279 11031.99615547691 241.10820789765484 
10410 37093.38780865801 7983.4821801393355 7013.706245642748 
10411 35336.109112585196 7673.91614221721 1931.6341114915233 
10412 39499.631628066134 10927.412646897847 240.2058922357417 
10413 27453.594166372837 4774.5195017733 569.010025178635 
10414 1201.032336773886 7311.38779399113 6641.9617469499835 
10415 2632.7341339440172 10154.862775469199 888.8516997070346 
10416 15784.076339526055 3075.6756990806525 2182.545947863045 
10417 793.2716157451745 12232.781975860893 710.939961632886 
10418 13397.941795745195 2627.5630924498214 5574.588911318549 
10419 12129.064942667728 10190.983070060927 237.30675036355902 
10420 13193.999229811594 5617.580392889064 1948.970526396723 
10421 28540.288106480402 9961.054755983456 410.80845786675695 
10422 10335.37423212891 4579.91453185346 1284.53155561191 
10423 14092.408079946912 6470.495688007458 6781.612193957379 
10424 34119.611975834596 5768.199070085941 1886.070884814562 
10425 31686.676698446678 3340.3636817289425 5971.412434148579 
10426 36438.40918704667 5127.293612416762 4076.7862014015514 
10427 39879.74414763178 6375.814984673445 1084.5247195069574 
10428 34210.12659519502 10842.736930624602 3054.7749390517274 
10429 15178.661502178351 4149.72671706172 5956.857712014829 
10430 6518.077015073994 8554.263101188431 6792.3760915003895 
10431 38647.01193126045 5948.137658512991 7163.7125775224395 
10432 37773.01183046464 11110.527434415637 4306.635802441995 
10433 19987.035593101282 971.3778984981532 3594.092480926116 
10434 14776.013946989828 3886.9056937135047 2986.0594957162148 
10435 39008.24783055687 9846.770205260127 2214.788481966854 
10436 9909.747637472427 9269.611114116447 2399.139464836944 
10437 22497.16977138694 4986.445998484965 6019.313176346371 
10438 6922.543247656413 12196.334552072085 6161.063144813707 
10439 24656.03762103149 10438.177798098852 358.8168105624629 
10440 7183.690972755395 11967.808273975847 6185.578453897224 
10441 40593.60954041267 4914.061913936454 120.36229298740221 
10442 16497.46408161278 2457.7623501011312 1860.266780394961 
10443 29304.51110463676 11491.046619808503 458.42219154920974 
10444 35085.291783008885 10184.05756693533 4688.112303008049 
10445 26888.329078367864 814.00898543494 52.75772788316154 
10446 32035.937956110858 5134.492587727967 6021.370474686454 
10447 13106.393404266542 5193.840539544223 7232.654475241168 
10448 24100.048969732172 10086.808625943124 6805.919606317983 
10449 23350.770299514865 6654.226538139089 5919.052959479045 
10450 32621.424698974784 7839.807183008081 5871.349232332407 
10451 32310.916859358775 8222.834272380313 3938.289919887393 
10452 37052.71908841209 5292.034875841007 6567.726578664713 
10453 37620.46124240257 6497.706063379286 6478.396838687064 
10454 27951.725673065637 9084.50500088124 6785.0125043535445 
10455 17231.361807305282 4428.088713073911 2397.3331754220103 
10456 10397.997011126854 2022.0281115108203 5720.5957661809625 
10457 7603.713714234653 4005.9349003861576 968.190077098782 
10458 33689.40879859484 12214.30141692471 969.3159035921324 
10459 15730.302710048545 6734.128557743166 6308.640500067683 
10460 36633.666394435124 9306.850566039275 1120.2759807258146 
10461 14615.817524871001 11850.54476973095 755.3787277890295 
10462 19354.794866388384 11693.930810287711 4496.751474433313 
10463 33807.90500039187 10402.414676589926 1301.9774040429265 
10464 29608.29227068116 4308.451135428819 4467.499115417716 
10465 36192.76747636432 9066.400502487739 5893.859115298549 
10466 17564.86100496661 5390.2452213108845 4483.493037644756 
10467 31470.212864298464 11384.15988328126 1277.326394471106 
10468 4362.685537526461 6747.51427350453 6187.199213636158 
10469 28890.212282594017 1058.135317159281 3923.093451208564 
10470 843.2824877726993 7685.850921121291 3473.120716777755 
10471 24508.146279145796 4072.894844798272 2483.640561282501 
10472 26849.850085883823 10092.20498314968 3353.9619553755224 
10473 1954.887563682198 6938.2079138939225 4088.7691802474706 
10474 13214.779010427565 9755.97635234308 2390.2402240651636 
10475 369.68743598398925 10343.19504410675 3664.840374494825 
10476 28695.920074270707 4293.191630991269 195.80687930104247 
10477 8883.892234632536 6572.272202816557 3069.1489680408336 
10478 38783.00081120404 10450.614945807409 3316.075539932005 
10479 1208.4969632880402 10146.127640811277 6969.912767663556 
10480 33663.98300803898 1760.166520838628 5211.631105264148 
10481 315.7466152190289 9481.779499209631 7267.953761933348 
10482 36202.28689188985 11860.197855512 5402.050297006777 
10483 27328.948919923394 9722.000855883072 7050.9915105824675 
10484 21877.82028488268 9190.662731498813 3052.9354890256 
10485 35624.178437791175 2134.2778435894393 4099.960641495603 
10486 23189.972565201806 78.36190042571883 3587.899461530238 
10487 14791.161943055811 3074.3626452948 5640.450735964731 
10488 19449.086450094317 6645.595730519081 1277.2687359053912 
10489 40880.13954015959 10636.914102807892 437.3759308037513 
10490 25314.843690452235 1832.419425295778 658.6412023017525 
10491 15032.058824573734 11255.810965123139 364.70255295996117 
10492 18918.366293337753 8028.299593483955 4067.5973563904186 
10493 38635.33397151487 11824.214486245364 4850.457779616359 
10494 3107.030274309273 346.52337786526846 5114.865099372427 
10495 12041.041727476317 12170.585333194394 5469.908968771857 
10496 3905.3425049429347 5598.642994571596 5604.3766056377535 
10497 38389.94523299415 9198.044889706594 1705.0473934754789 
10498 8738.443137401257 1036.3781739589942 4285.880399531349 
10499 39869.28828655152 8004.50284553787 2809.8290490199142 
10500 28995.80422881393 765.290707774943 4866.264660142969 
